10242
14338
6
10246
436237
505868
14349
10257
4114
14357
8214
6167
28
14364
14367
344103
10277
41
14377
42
45
10285
344104
10289
8243
14388
233526
8246
12342
233529
62
63
14402
14403
69
14405
70
72
74
75
14412
14417
82
14418
14420
448595
8278
87
90
92
10335
12386
14434
14435
101
14437
102
103
14440
106
107
110
14446
111
112
113
4209
114
14450
116
14452
117
14455
121
14457
123
14460
126
127
14463
128
129
130
131
512132
132
133
135
14471
136
137
138
14475
140
14477
10382
12431
14479
12432
146
14482
147
14483
148
150
151
14487
153
14489
154
14490
156
10396
157
14493
8350
14494
14495
160
162
14499
268455
12452
14500
4262
167
14504
14505
329903
171
173
174
176
177
14513
178
14514
181
182
183
184
185
14522
188
189
192
193
12481
14529
12482
196
198
199
201
14538
203
14540
14543
208
14544
12497
14545
465110
210
12498
10451
14547
14548
14549
216
14552
218
14554
220
10460
221
10461
14557
225
14561
226
14562
14563
229
230
231
232
233
234
14570
235
236
10476
14573
238
239
12527
12528
241
284917
242
243
244
8437
246
247
248
249
250
251
10491
14587
14590
255
14591
257
258
259
8453
14597
263
14599
265
14602
268
10508
14604
10509
271
10511
272
14610
275
276
14612
277
278
4374
4375
280
282
307487
285
286
10527
288
289
291
293
295
8487
10535
296
297
10537
14633
299
14635
300
10540
14637
14639
10544
305
10546
14643
10549
10550
8503
14647
312
313
10553
14649
10555
316
10556
10557
10558
14654
10561
10562
360775
323
10563
325
326
14663
329
330
6474
10570
340302
332
333
10573
14669
360776
10574
10576
14672
338
341
10581
342
14678
10583
14679
344
8537
10585
14681
347
10587
14683
348
351
10591
352
10594
10595
14691
10596
357
358
359
14695
10600
362
10602
10603
364
10604
365
14701
366
10606
367
14705
370
373
10613
14709
10614
14710
377
10617
14713
378
10618
14714
8572
10621
14717
10622
14718
14719
10624
14720
10625
10626
14722
10627
14723
10628
14724
10630
12678
14726
10631
14727
14728
10636
14732
10637
14733
14735
401
14737
402
403
14740
10645
14741
383376
14743
6555
10651
14748
14750
10657
12705
14754
8611
14758
6567
424
14760
14761
6570
516524
14765
435
14772
8631
441
10681
442
10682
10683
14781
446
6592
6593
450
453
14790
457
10699
460
462
464
10704
466
10706
467
12755
469
470
10710
473
14809
14811
479
481
381412
482
14820
486
487
14824
14826
491
8683
14827
10732
493
14829
14830
8687
14831
8688
14832
14833
14834
14835
500
14836
14837
502
503
14839
14840
506
14843
8700
14846
14847
14848
14849
14850
515
14851
64003
14852
64004
14853
14854
14856
521
6665
14857
522
14859
529
14865
530
4626
12818
531
532
533
8725
14869
537
14874
14875
542
14884
6693
12846
14895
563
12852
565
569
571
573
221756
580
8772
8773
582
584
587
14923
8780
12880
14931
605
8798
610
4713
8813
6766
6773
14965
14970
635
14979
653
654
12944
344725
12945
659
4760
665
4761
667
668
2717
670
671
672
8866
675
6821
682
683
12975
688
12976
692
8886
12982
12983
205499
12986
8892
703
704
465606
8898
708
714
8906
717
719
2768
722
724
6869
726
736
738
740
8940
8944
13041
754
13042
758
4859
4860
771
60163
774
781
785
2836
13077
8984
797
801
8993
8995
807
9001
9006
64302
13103
285493
819
820
821
4917
4918
9018
827
831
13119
9024
369485
9033
9034
9035
301908
301909
2898
852
9044
9045
854
859
13147
9059
7014
13158
13165
228211
228210
13170
885
886
9079
228212
7039
896
455557
9095
905
907
912
13203
7060
7062
236442
923
924
517016
932
7087
945
9138
947
955
9153
963
3013
13253
968
205770
7120
980
7131
5084
9181
7141
9194
13292
13293
13298
3061
476146
54263
1022
1026
1027
1034
7178
1037
1039
1041
1042
1047
1050
13338
7196
9246
1058
3112
1065
13355
384040
1080
1084
13384
1101
11341
11342
11343
5200
11344
11345
11346
1109
11352
11355
1116
11362
11364
11366
169060
11367
11368
11369
11371
7276
11372
11373
11374
11375
11376
11377
11378
11379
1140
11380
11381
220278
7286
11382
220277
1143
11383
11384
9336
11385
11386
11387
1148
11388
11389
1150
11390
11391
11392
11393
11394
9347
11395
13444
300160
11397
11398
11399
11400
11401
11402
11403
11404
11405
13453
11406
13454
11407
11408
11409
11410
224401
11411
224400
11413
11416
11417
447647
11418
11419
11420
11421
11422
11424
13472
11425
11426
11427
1188
9380
11428
11430
11431
433326
11433
11434
11435
11436
11437
11438
13486
11439
11440
11442
9397
11445
11446
11447
11449
11450
11451
466108
11452
466107
11453
11454
13502
11455
11456
11459
11460
11461
13509
11462
11463
13511
3272
3273
11465
13513
11466
13514
11467
11468
11469
13517
11470
1231
7375
13519
13520
11474
11475
11476
13529
1242
11484
11486
11489
11491
11493
7398
9448
11498
11499
13547
11500
11501
11503
13551
11504
13552
11505
11507
11508
11511
11512
13560
11513
11514
11515
11516
11517
13566
1282
11522
11523
11524
11526
11528
9482
11533
11534
11535
13585
11538
11541
9497
1306
11547
13595
1308
11549
1311
11556
11557
11558
11559
11560
13608
11561
13609
11563
11565
11571
13620
13623
1336
11576
11577
13625
11578
13626
11579
11580
11581
11582
11583
13631
1344
11585
9538
11586
13634
372039
11587
11588
13636
11589
7495
11592
9546
11595
372040
1359
11600
13649
11602
11604
11605
13653
11606
13654
11609
11610
13658
11611
13659
1372
1373
11616
11618
13667
11621
13670
11623
11627
11628
13677
13678
13682
11635
11636
9589
64885
11638
64886
3448
1402
296313
52608
1409
1411
11651
1413
11654
7559
11655
9609
11657
11658
13706
11659
9612
1421
11662
11663
169357
11664
11665
11666
11667
11668
13716
9621
13717
384400
11670
11671
11672
89497
11674
1435
11676
11678
11679
11680
11681
1442
11682
13730
11683
11684
11685
7591
11687
11688
11689
9642
11691
11692
13740
11694
1461
11701
11704
1465
11705
11707
7612
11710
13759
11713
1474
11714
11716
11717
11718
11721
380364
1485
11725
11726
380363
11727
536024
7634
11730
11733
1494
1497
505318
13795
1511
7655
11751
220644
7656
11753
9710
11760
1521
9713
11762
13811
9718
9719
9724
7677
11773
9727
9728
11778
9731
11780
11781
1543
13836
11796
11798
11799
11804
1567
9759
11807
13859
9769
11817
13868
9774
11825
429620
429621
7733
11830
11831
11833
13882
493117
1595
11837
13885
11838
9791
13893
257615
5709
11853
9806
11859
7764
11862
11864
165466
476767
11865
1626
11866
9826
9827
13923
1636
7782
7783
13930
11883
13931
9836
9839
11887
13936
13940
13943
448113
9849
9850
13947
11900
13948
13949
11912
13962
13965
7822
11918
13966
9880
1689
13978
65179
13980
9885
13982
11935
7841
11939
13987
13988
9896
13997
13998
14002
7859
14004
433842
9910
14006
14007
384696
7871
14019
89799
11975
9934
14033
7893
14037
52949
9943
14041
14042
1757
192223
14046
14047
14048
192224
9955
308961
14059
12018
14066
14069
14070
14071
14072
14073
9979
157439
7939
1797
14085
1798
14086
14089
1804
245519
1805
14093
9998
14094
14095
245520
7956
7958
14102
7959
10007
14103
7960
1817
14108
14109
1829
7975
10024
12072
12073
14121
14127
14128
14135
356159
356158
14140
14142
10047
356160
8013
14159
10066
14164
10070
3928
5977
14169
8026
1884
165726
12125
8030
10079
14175
14176
561000
14180
1893
10086
14183
14186
5999
14197
12152
8058
14202
10109
8066
10115
10117
10123
14222
477065
477064
14229
12189
10142
14239
1955
10147
8099
14245
14247
253870
10158
165810
165811
14258
14259
165809
8117
14262
165812
165813
14269
14271
12223
516036
14283
524234
14286
14287
14288
10195
14297
12253
14302
14304
2019
10215
14315
10220
14317
14318
14320
14321
14323
10228
14324
10229
14326
6136
8184
14328
14329
14330
14332
493563
10237
493562
