1024
1025
1026
1027
1028
1029
1030
1031
1032
1035
1036
1037
1038
1039
1040
1042
1044
1045
1047
1048
1049
1050
102
104
105
106
107
108
109
110
111
114
115
118
120
121
122
125
126
128
129
130
131
132
133
134
136
137
138
139
140
141
142
143
144
145
401
146
402
147
403
148
404
149
405
150
406
407
408
409
410
411
412
413
414
415
416
417
418
419
420
422
423
425
426
427
428
430
431
432
433
434
435
436
437
438
439
440
443
444
446
702
447
703
704
449
705
450
707
710
712
715
716
718
719
720
721
722
723
724
725
726
728
729
730
731
733
734
735
736
737
738
741
742
743
744
745
746
1002
747
1003
748
1004
749
1005
750
1006
1007
1008
1009
1010
1011
1012
1013
1014
1015
1016
1017
1018
1019
1020
1021
1023
