1024
1025
1026
1027
1028
1029
1030
1031
1032
1033
1034
1035
1036
1037
1038
1039
1040
1041
1042
1043
1044
1045
1046
1047
1048
1049
1050
350
101
102
103
104
105
106
107
109
112
113
114
115
116
117
118
119
120
121
122
123
124
125
126
128
129
130
131
132
134
135
136
137
138
139
140
141
142
143
144
145
401
146
402
147
403
148
404
149
405
150
406
407
408
409
412
413
415
417
418
420
421
422
425
426
427
430
432
434
435
438
439
441
442
443
444
445
701
446
702
447
703
448
704
449
705
450
706
707
708
709
710
711
712
713
714
715
716
717
718
719
720
721
723
724
725
726
727
729
730
731
732
733
734
735
736
737
739
740
741
742
744
745
1001
746
1002
747
1003
748
1004
749
1005
750
1006
1007
1008
1009
1010
1011
1012
1013
1014
1015
1016
1017
1018
1019
1020
1021
1022
