4352
12800
25600
4353
25601
4354
20995
20996
20997
20998
25863
17163
4372
22555
26651
21025
21026
28962
28971
17196
28972
17197
28973
17201
17202
17203
17204
22324
15928
15929
24646
29005
9039
9040
9041
17236
14423
14424
14425
14681
14426
14427
14428
14429
6750
14430
14432
17251
14436
14437
16997
25702
14439
25703
14440
25704
14441
25705
25706
14443
14444
7281
24689
21109
22901
13686
9347
19080
16266
16267
2448
17552
23952
24720
2449
24721
24977
24978
24980
24981
24984
17054
29092
17071
2736
17072
2737
4273
28602
28603
4553
14551
10200
14552
14553
25561
14554
25562
25563
28897
24295
24296
25064
19946
24299
24300
24301
24302
24303
24304
25842
25844
28660
25845
25846
25848
25849
25850
25598
4351
25599
