6
307213
4114
8214
28
344103
41
42
45
344104
8243
233526
8246
12342
372797
233529
372799
372798
475195
475194
62
475193
63
69
70
72
74
75
82
8278
106583
87
90
92
12386
101
102
103
106
107
110
111
112
113
4209
114
116
117
121
123
147582
126
127
128
129
467078
130
467077
131
512132
132
133
135
136
137
138
140
12431
12432
146
147
148
150
151
153
154
156
157
8350
160
162
12452
4262
167
171
173
174
176
177
178
181
182
183
184
185
495805
495804
188
495803
189
192
193
12481
12482
196
198
199
471247
201
471246
203
208
12497
210
12498
471248
216
218
220
221
225
226
229
230
231
232
233
234
235
236
238
239
12527
12528
241
242
243
244
8437
246
247
248
249
250
251
255
257
258
259
8453
263
265
268
271
272
275
276
277
278
4374
4375
280
282
307487
285
286
288
289
291
293
295
8487
296
297
299
300
305
201015
201014
8503
312
313
316
360775
323
299328
325
326
329
330
340302
332
333
360776
338
545115
341
342
344
8537
347
348
351
352
357
358
359
362
364
365
366
367
370
373
377
378
8572
12678
401
402
403
12705
106915
8611
424
516524
435
307632
8631
441
442
446
450
453
457
460
462
464
466
467
12755
469
470
473
479
481
381412
482
486
487
491
8683
493
8687
8688
500
502
503
506
8700
515
307713
521
522
529
530
4626
12818
531
532
533
8725
537
542
12846
563
12852
565
569
571
573
221756
580
8772
8773
582
584
587
8780
201294
12880
605
8798
467558
610
4713
8813
635
653
654
12944
344725
12945
659
4760
665
4761
667
668
670
671
672
8866
53922
675
682
683
12975
688
8880
12976
692
8886
12982
12983
205499
12986
8892
703
704
8898
708
714
8906
717
719
722
724
726
736
738
740
8940
8944
13041
754
13042
758
4859
4860
771
774
781
785
13077
8984
797
801
8993
8995
807
9001
9006
13103
819
820
821
4917
4918
9018
827
831
13119
9024
369485
9033
9034
9035
852
9044
9045
854
430943
859
13147
9059
13158
13165
13170
885
886
250741
9079
896
455557
9095
295820
905
295821
907
295819
912
13203
923
924
517016
932
9124
945
9138
947
955
9153
963
13253
968
205770
980
5084
9181
5085
218084
9194
1004
13292
1005
13293
1006
250860
1010
13298
476146
54263
1022
13312
1026
13314
1027
1029
1034
50186
1037
1039
1040
1041
1042
1043
1047
1050
13338
9246
1058
111655
111654
1064
1065
13355
1075
1079
1080
1082
1084
1094
173124
13384
1098
1101
5200
1104
1105
1109
1113
1116
169060
1140
1143
9336
160891
1148
1150
9347
13444
300160
13452
13453
13454
1169
95382
447647
13472
1188
9380
255141
13486
394420
9397
447665
1211
13502
259271
13509
259270
13511
13513
13514
13517
1231
13519
13520
13529
1242
247006
247005
9448
13547
13551
13552
13560
13566
1282
9482
222483
13585
238871
238870
9497
1306
13595
1308
1311
1316
455970
1317
13608
13609
13620
13623
1336
13625
13626
13631
1344
9538
13634
13636
9546
13642
1359
13649
13653
13654
13658
13659
1372
1373
13667
13670
50537
13677
13678
13682
9589
1402
296313
1409
1410
1411
1413
9609
13706
9612
1421
169357
13716
9621
13717
13719
357788
1435
357787
1442
13730
9642
13740
1453
1461
1465
13759
1474
13771
1485
1494
1497
1504
505318
13795
1511
1514
13804
9710
1521
9713
13811
9718
9719
1531
9724
9727
9728
9731
9734
1543
13836
194064
1561
1567
9759
13859
13861
9769
13868
9774
13882
493117
1595
13885
9791
13893
5709
9806
165466
476767
476766
1626
476765
9826
9827
13923
1636
13930
13931
9836
9839
13936
50802
13940
13943
271987
448113
9849
9850
13947
13948
13949
1667
91778
198277
13962
13965
13966
337559
9880
1689
13978
13980
9885
13982
13987
13988
9896
13997
13998
14002
14004
222903
9910
14006
14007
14008
222904
14015
14019
9934
14033
14037
9943
14041
14042
1757
14046
14047
14048
9955
14052
308961
14058
530146
14059
530147
14062
14066
14069
14070
14071
14072
14073
9979
14077
157439
1797
14085
1798
14086
255749
255748
14089
1804
1805
14093
9998
14094
14095
14102
10007
14103
1817
10009
14108
10013
14109
218915
218914
14115
1829
10024
14121
10026
14126
14127
14128
10039
14135
14140
14142
10047
10048
194369
14152
10057
14159
10066
403284
14164
403283
10070
5977
14169
1884
165726
10078
10079
14175
14176
14180
1893
10086
14183
10088
10090
14186
5999
14197
14202
14203
10109
10115
530316
10117
6021
14213
14214
10123
14222
477065
477064
10133
14229
10135
10142
452504
14239
198563
1955
10147
14245
14246
14247
10153
14253
10158
14254
165810
165811
14258
14259
165809
14262
165812
165813
14264
14265
14269
14271
14274
14283
14284
14285
14286
14287
14288
10195
14292
14295
14297
14302
14304
14305
14306
2019
14308
14310
10215
14312
14315
10220
14316
14317
14318
10223
14319
14320
14321
14322
14323
10228
14324
10229
14325
14326
10231
6136
14328
14329
14330
10236
14332
493563
10237
493562
14336
10242
14338
10246
534542
358402
436237
505868
10252
14349
14351
10257
14353
14354
14357
6167
14364
14367
10277
14377
10284
10285
10289
14388
14395
14402
14403
14405
14412
10318
14417
14418
14420
448595
10335
14434
14435
14437
170084
14439
14440
14443
14446
14450
14452
14455
14457
14460
14463
14467
14469
14471
14473
14475
14477
10382
14479
10386
14482
14483
14487
14489
14490
14491
10396
14493
14494
14495
14498
14499
268455
14500
14503
14504
14505
14506
329903
10414
14510
14513
14514
14516
14522
14527
198851
14529
14538
14540
14543
14544
14545
465110
10451
14547
14548
14549
14552
14553
14554
10460
10461
14557
14561
14562
14563
14568
14569
14570
10476
14573
10481
284917
14579
14583
10491
14587
14589
14590
14591
14597
10503
14599
14600
14602
14603
10508
14604
10509
10511
14607
14610
14612
338193
10527
10535
14631
10537
14633
14635
10540
14637
14638
14639
10544
10546
14643
10549
10550
14646
14647
10553
14649
14650
10555
10556
14652
10557
10558
14654
10559
14655
10561
14657
10562
14658
10563
14661
14662
10567
14663
6474
10570
14666
10573
14669
10574
10576
14672
10577
10578
534874
10581
14678
10582
10583
14679
10585
14681
10587
14683
10591
10594
14690
10595
14691
10596
14695
10600
10602
10603
10604
14701
10606
14705
289136
10613
14709
10614
14710
14712
10617
14713
10618
14714
10619
10621
14717
10622
14718
14719
10624
14720
10625
10626
14722
10627
14723
10628
14724
10629
14725
108932
10630
14726
10631
14727
14728
14730
10635
10636
14732
2445
10637
14733
14734
14735
14736
14737
14738
14740
10645
14741
383376
10646
14743
14744
14745
6555
10651
14748
14750
14751
14752
10657
14754
14755
14756
346528
14758
6567
14760
14761
6570
14765
14769
14772
14773
10681
10682
10683
14781
6592
6593
14790
10699
297418
10703
10704
10706
10710
14809
14811
14813
14817
14820
14824
2538
14826
14827
10732
14829
14830
14831
14832
14833
14834
14835
14836
14837
14839
14840
14843
14846
14847
14848
14849
14850
14851
64003
14852
64004
14853
14854
14856
6665
14857
14858
14859
14860
14864
14865
14866
14869
14873
14874
14875
14884
6693
518690
14887
14891
14895
14901
14923
14931
14938
543317
543318
6766
6773
14965
14966
14970
14979
96905
14986
15002
2717
6821
15013
15022
502463
465606
15054
15055
2768
6869
15062
428752
6880
109288
338672
15098
15099
15101
60163
15116
15117
15118
15120
2836
64302
285493
301908
301909
2898
7014
228211
228210
228212
7039
7060
7062
236442
7087
3013
7120
433107
7131
7141
347116
3061
494589
494588
494587
7178
7196
351259
437282
3112
384040
109630
404548
11341
11342
11343
11344
11345
11346
322646
11352
11355
11362
11364
11366
11367
11368
11369
314478
11371
7276
11372
396394
11373
396395
11374
11375
11376
11377
11378
11379
11380
11381
220278
7286
11382
220277
11383
11384
11385
11386
11387
11388
11389
11390
11391
11392
11393
11394
11395
11397
11398
11399
11400
11401
11402
11403
11404
11405
11406
11407
11408
11409
11410
224401
11411
224400
11413
11416
11417
11418
11419
11420
11421
11422
11424
11425
11426
11427
11428
11430
11431
11432
433326
11433
511150
11434
511149
11435
11436
11437
11438
11439
11440
11442
11445
11446
11447
11449
11450
11451
466108
11452
466107
11453
11454
11455
11456
11457
11459
11460
11461
11462
11463
3272
3273
11465
11466
11467
11468
11469
11470
7375
11474
11475
11476
11484
11486
11489
11491
11493
7398
11498
11499
11500
11501
11503
11504
11505
11507
11508
11511
11512
11513
11514
11515
11516
11517
11522
11523
11524
11526
11528
519437
11531
11533
11534
11535
11538
11541
11547
11549
290085
11556
11557
11558
11559
11560
11561
11563
11565
11571
11576
11577
11578
11579
11580
11581
11582
11583
11585
11586
372039
11587
11588
11589
7495
11592
191816
11595
372040
11600
11602
11604
11605
11606
11609
11610
11611
11616
11618
11621
11622
11623
11627
11628
11630
11633
11634
11635
11636
64885
11638
64886
3448
11640
52608
11651
11654
7559
11655
11657
11658
11659
462219
11662
11663
11664
339349
11665
11666
11667
109970
11668
384400
11670
11671
220564
11672
89497
11674
11676
11678
11679
3488
11680
11681
11682
11683
11684
11685
7591
11687
11688
11689
11691
11692
11694
314804
314805
11701
11702
314803
11704
11705
11706
11707
7612
11709
11710
11713
11714
11716
11717
11718
11721
343500
380364
11725
11726
380363
11727
536024
7634
11730
282070
11731
11733
7655
11751
220644
7656
11753
11760
11761
11762
7677
11773
11774
11777
11778
11780
11781
11782
11783
11796
11798
11799
15896
15897
11804
7710
11807
187938
417319
11817
11825
306741
306742
429620
11827
429621
11828
7733
11830
11831
11833
11837
11838
7748
11848
11851
257615
11853
11859
7764
11862
11864
11865
11866
253542
7782
7783
306787
11883
11887
151158
151159
11894
151156
151157
151160
11900
11912
7822
11918
11920
65179
11935
7841
11937
11939
11948
7859
433842
11958
384696
7871
11967
89799
11975
11980
11984
331476
7893
52949
192223
11999
192224
3816
12018
515838
7939
220934
290572
245519
290571
245520
7956
7958
7959
7960
7975
12072
12073
356159
356158
147267
356160
8013
3928
8026
12125
8030
561000
462711
12152
8058
323450
8066
12189
8099
483245
253870
376744
8117
12223
516036
524234
12253
8184
