48640
37122
6403
9219
88322
20228
17925
47877
65029
76038
41480
52745
15114
51211
63248
59921
81171
30227
70162
9749
69908
37913
28954
88858
99866
33310
53790
78878
77858
65574
89129
9769
55338
27691
33837
61485
69935
28207
45615
44337
46129
28722
84786
70455
11063
17720
19257
90939
38972
43837
36415
98370
33351
90438
98630
52552
99401
58955
88394
45390
75858
23636
91480
96600
84314
18271
29279
64607
864
95844
32871
45423
99950
35697
20083
89970
99191
15223
97144
24186
5755
63099
13436
29565
88188
70015
4223
6783
23423
68225
89217
95873
97408
77955
33412
7301
65413
49287
8330
41098
93069
38797
94092
23183
9361
65936
88211
33427
41364
59798
67991
27799
95641
19354
64668
97441
54689
74400
49316
65959
32935
46759
61096
74410
81327
11439
56755
97205
73142
80313
12218
97723
84666
86202
58044
70333
35006
86206
32960
78017
94657
62402
33734
72390
90054
99529
27849
14794
74955
204
21965
29645
85967
85966
42193
94672
17363
32723
66773
44502
55766
75223
56023
37593
77016
60891
50141
64734
90337
40417
72932
40424
42984
28652
61676
92654
1008
65520
59121
49394
76023
77303
56568
76281
6650
77307
84219
97530
25084
29692
51197
65277
