1
514
515
7
519
523
13
15
18
531
21
535
26
31
33
545
34
547
551
41
553
554
44
560
562
53
565
566
567
57
570
61
63
64
585
74
586
587
78
79
81
595
88
600
602
603
93
94
95
608
99
613
103
615
616
620
622
112
113
628
631
632
634
125
129
641
130
134
138
143
144
658
147
662
151
663
664
154
666
156
668
670
671
160
678
167
679
682
172
684
685
174
178
696
698
192
704
706
709
201
212
725
216
217
729
730
220
736
738
229
231
232
235
747
243
755
757
759
761
251
763
766
257
769
770
260
777
266
268
784
785
280
283
795
285
797
287
288
289
807
812
305
820
317
318
830
831
832
834
324
326
840
841
334
851
852
853
854
855
856
345
857
348
349
865
867
868
357
870
871
367
881
373
889
890
381
894
897
898
899
389
390
904
905
906
395
396
397
910
402
918
409
412
413
925
421
422
941
431
433
947
949
438
950
952
441
953
442
959
449
450
451
964
453
455
464
984
475
988
480
482
483
995
487
999
488
490
491
494
499
500
502
508
