48640
37122
6403
9219
88322
20228
41988
17925
47877
65029
76038
52745
15114
51211
63248
59921
81171
30227
70162
9749
69908
28954
88858
33310
53790
78878
77858
89129
9769
55338
27691
33837
69935
44337
46129
84786
70455
11063
17720
19257
90939
38972
43837
36415
98370
33351
90438
98630
52552
99401
58955
88394
33105
75858
23636
91480
96600
84314
18271
29279
64607
864
17760
95844
32871
42343
35697
20083
99191
15223
97144
5755
63099
13436
29565
88188
70015
4223
6783
23423
68225
89217
95873
97408
77955
33412
7301
42885
65413
49287
8330
93069
38797
94092
23183
9361
88211
33427
41364
59798
67991
27799
95641
97433
19354
64668
97441
54689
74400
65959
32935
46759
61096
74410
69293
81327
11439
56755
97205
73142
80313
12218
97723
84666
86202
58044
70333
35006
86206
32960
78017
94657
62402
33734
72390
90054
27849
14794
74955
204
21965
29645
85967
85966
42193
94672
21970
37842
17363
32723
66773
44502
55766
75223
41687
56023
21976
37593
77016
60891
50141
64734
90337
40417
10979
72932
40424
42984
28652
61676
85487
92654
1008
59121
76023
77303
56568
76281
6650
77307
97530
29692
37884
51197
65277
