6
11
14
17
8212
8213
8214
548895
28
8226
344103
344102
39
41
42
8234
44
45
344104
507959
51
8243
254000
52
53
8246
56
475195
475194
62
475193
63
65
66
67
262208
69
70
72
254027
73
8265
74
75
82
83
86
8278
106583
87
88
89
90
92
507995
93
163938
163939
98
99
8291
8292
101
102
103
106
107
109
110
111
112
113
114
115
116
117
106612
119
120
121
122
123
147582
126
127
128
129
467078
130
467077
131
132
147590
133
147591
134
135
136
8328
137
138
139
140
145
146
147
368790
148
150
151
153
154
156
157
158
8350
159
160
162
164
167
168
171
173
174
175
483496
176
177
178
196785
179
180
409778
181
182
183
184
185
186
188
189
192
193
196
204998
198
199
200
201
203
206
208
377045
210
214
215
196820
216
218
8410
220
221
225
226
227
8419
229
230
231
232
233
540897
234
235
236
245999
245998
238
239
8431
240
241
242
243
244
8437
246
247
248
249
250
251
253
49406
255
257
258
259
261
8453
499969
263
286979
393486
265
267
268
270
271
272
401686
8465
274
237841
275
401685
276
8468
277
278
280
281
282
284
285
286
288
289
290
8482
291
293
295
8487
296
297
299
300
303
305
450869
309
311
8503
312
8504
313
315
316
321
360775
323
325
8517
326
327
329
330
401740
331
401741
332
333
360776
334
338
237905
339
237904
340
341
342
344
345
8537
347
348
351
352
426342
426343
354
355
356
357
358
359
362
364
365
366
8558
106863
367
369
370
373
374
375
376
377
378
491901
491900
380
8572
491899
383
389
8581
139659
139660
401
402
403
352656
409
410
415
416
417
418
106915
532906
8611
422
423
424
516524
431
450998
434
435
8631
441
442
444
445
8637
446
451000
447
448
449
450
453
457
460
462
464
303572
465
303573
466
467
442834
469
470
270802
8663
472
473
478
479
481
482
484
485
486
487
489
491
8683
492
16876
493
494
495
8687
496
8688
497
498
499
500
502
503
506
8698
8700
513
514
515
516
517
519
520
521
522
525
526
529
530
531
532
533
8725
534
8726
535
537
542
547
548
553
262701
554
556
557
188975
560
188976
563
565
569
570
571
573
574
180796
180797
221756
576
580
8772
8773
582
584
49737
189000
587
8780
16972
589
508500
508499
597
336478
605
606
8798
609
467558
610
612
8808
619
8811
8813
623
467572
467571
467570
8825
635
638
295559
653
654
655
344725
659
665
666
667
668
131742
131743
670
8862
82591
671
672
8866
675
254631
508591
49833
508590
682
683
8877
8879
688
8880
475831
692
8886
205499
8890
516796
8892
703
475832
704
508615
508614
8898
708
246468
8905
714
8906
717
719
8913
722
723
724
726
736
738
740
8937
8940
262891
8944
754
758
8951
8953
90875
8957
8960
8962
771
774
8969
781
785
8977
8984
8986
287512
797
801
8993
802
189216
8995
807
8999
9000
9001
172840
812
9006
819
820
821
822
825
826
9018
90939
827
829
831
9024
303943
839
369485
841
9033
9034
9035
844
9036
303944
303945
852
9044
9045
854
254811
9049
859
860
287577
9059
426853
9064
9065
41838
41839
377713
885
886
9079
377714
896
9091
901
9095
904
295820
905
295821
907
295819
912
914
9109
918
923
924
394138
394139
517016
369573
336806
932
9124
9126
936
939
943
945
946
9138
947
9144
254905
955
956
958
959
9153
963
9156
164805
968
205770
418767
978
979
980
984
985
9181
991
993
996
998
197605
1000
9194
1004
1005
1006
361460
1010
386033
386032
476146
386034
1022
1023
1024
1026
1027
1029
1034
50186
1037
1039
1040
1041
1042
1043
1047
9241
1050
9242
1054
9246
1056
1058
189478
1063
1064
1065
1066
1067
1070
9266
1075
1076
1079
1080
1082
1084
1085
9277
1086
1087
9279
1088
9280
1089
1094
173124
1095
1096
1097
1098
1101
107596
1104
9296
1105
1106
1107
1109
1113
1116
9318
1127
9319
9322
1134
164977
1140
1143
1144
9336
9339
1148
1150
1152
205954
205953
9347
1157
484482
1169
9361
1175
378012
9372
1181
9378
1187
1188
9380
255141
66739
394420
9395
9396
9397
9398
1211
1213
255166
1217
9412
9414
1231
9424
9429
1239
189659
517342
1242
247006
247005
1250
369890
9448
1274
1278
9472
1282
9482
9484
238861
1296
222483
9489
42260
238871
50453
238870
9495
255259
9497
1306
9498
1307
9499
1308
1310
1311
255260
1314
533802
1315
1316
1317
9510
9514
189736
1327
1332
1334
1335
1336
1337
1338
1340
1341
1343
1344
9537
9538
1347
1349
1350
9546
1356
1359
9552
1366
9562
1372
501083
1373
9566
9567
9568
476516
9573
197989
1384
50537
9587
255351
9589
1401
1402
1405
296313
9599
517511
1409
9601
1410
9602
1411
1413
1414
9607
9608
9609
1419
9611
9612
1421
517513
517512
9616
1429
9621
1430
9625
1435
1436
1437
107935
1442
9634
9638
9641
1453
9645
1454
9648
9651
1461
1465
1466
9665
1474
1485
9679
1490
263638
9684
1494
9688
1497
222687
1504
9696
222688
9700
1511
1512
9704
1514
9709
1518
9710
9711
9712
1521
9713
1525
9717
9718
9719
1531
9724
9725
9726
9727
9728
9731
9734
1543
9737
9740
419338
9745
419344
419345
1561
1567
9759
1569
1570
9762
1576
9769
468523
468522
9774
468521
1584
1586
402996
9779
402995
1590
1593
1594
493117
1595
9791
403015
1604
1606
9806
403016
214604
9810
1622
165466
476767
476766
1626
476765
9819
9826
9827
1636
1641
9836
9839
50801
50802
239220
271987
476799
9849
9850
1662
9855
9856
1667
91778
198277
1678
337559
42645
9880
1689
9883
263839
304792
9885
1698
1699
9891
263840
263841
476834
9894
263842
9896
517806
1710
329397
222903
1718
9910
1719
222904
9922
9925
9934
9943
1757
9951
9953
9955
1764
378595
476896
370410
9973
9979
157439
1796
1797
1798
255749
255748
1800
9992
9993
1804
1805
9998
9999
10007
1817
10009
223001
10013
255774
255773
1824
1827
10020
1829
10024
10026
378679
10039
10047
10048
10057
313167
1868
272203
10066
403284
403283
10070
1884
165726
1885
10078
10079
10083
1893
1894
10086
10088
329581
10090
10095
10101
288636
288637
10108
10109
10113
10115
10117
10123
477065
477064
10133
10135
10139
10142
452504
198563
10146
1955
10147
10153
10157
10158
165810
165811
165808
165809
10164
165812
165813
337862
10183
10188
255953
10195
10203
2019
10213
10215
10220
10221
10222
10223
10227
10228
10229
10231
10236
419834
493563
10237
493562
296965
10242
296966
10246
534542
436237
10252
10257
10258
10261
10271
10277
10284
10285
10289
2100
10311
10318
10321
2133
10335
198754
10338
2151
10343
231539
2166
501887
198792
2188
321673
10382
67726
501911
10386
485535
485534
485532
10396
485531
10403
485536
329901
329903
329902
10413
10414
346283
10420
149689
10429
198851
166087
10438
526530
182476
10451
321744
223446
75990
10457
10460
10461
534761
452834
534753
10476
10481
10503
10505
370953
10509
370952
10511
10515
338193
10522
559381
10527
256291
256290
10535
10537
10540
10542
10543
10544
10546
10549
10550
10552
10553
10554
10555
10556
10557
149823
10558
10559
10560
10561
10562
10563
10567
10568
10570
10573
10574
10575
10576
10577
10578
534874
10580
10581
10582
10583
10584
10585
10586
10587
10588
108893
10589
272729
10590
10591
10592
10594
10595
305511
10596
10600
10602
10603
10604
10606
10611
289136
10613
10614
264562
10617
10618
10619
543091
10621
10622
10624
10625
10626
10627
10628
10629
108932
10630
10631
543104
10634
10635
10636
2445
10637
444809
10645
10646
313746
10651
10657
346528
10681
10682
10683
166334
166335
10687
477639
10693
10698
215497
559554
10699
297417
10702
297418
477641
10703
477640
10704
10705
10706
166352
166353
10710
92631
199131
199130
543189
543190
485860
485859
485858
485857
485856
133611
2538
10732
10734
313882
518690
543266
543267
543321
256598
543317
543318
559727
305769
305770
543349
354954
502419
2717
158377
502463
2750
166598
223943
125640
2768
543448
264912
428752
543447
453345
109288
2794
305902
215790
215789
338672
199412
223998
60163
346880
297751
2836
297752
297753
92958
371491
11052
486199
379700
486198
2868
322355
486203
486202
486200
305996
305997
2898
543569
543570
543571
2915
256878
43909
150404
281493
281494
125844
338834
27544
338878
3010
3012
3013
109510
404433
494563
347116
535524
347127
3061
3065
494589
494588
494587
347128
330759
330758
27652
3080
478217
27679
437282
3112
232500
535605
535606
109630
535607
404548
543818
404549
314434
306253
306254
306255
519244
11341
11342
11343
11344
11345
11346
322646
11352
11355
11362
11363
11364
11365
11366
11367
11368
11369
11370
314478
11371
11372
396394
11373
224366
396395
11374
19566
224365
11375
224364
11376
11377
11378
11379
11380
11381
11382
314482
11383
11384
11385
11386
11387
3196
11388
11389
11390
11391
11392
11393
11394
11395
232576
11397
11398
11399
11400
11401
11402
11403
11404
486539
11405
11406
11407
11408
11409
11410
224401
3219
11411
224400
11413
11415
11416
11417
11418
11419
330910
11420
11421
11422
11423
11424
470183
11425
470182
11426
11427
11428
11429
11430
11431
11432
11433
511150
11434
511149
11435
11436
11437
11438
11439
470184
11440
11442
11443
11444
11445
11446
11447
11449
11450
11451
11452
11453
11454
11455
11456
11457
11458
11459
11460
11461
11462
11463
3272
3273
11465
11466
11467
11468
11469
11470
543942
535751
470230
11474
11475
11476
543967
11484
11486
11489
494821
11491
11492
11493
503010
503009
511201
511200
11498
11499
11500
11501
11503
11504
11505
11507
11508
11511
11512
11513
11514
11515
11516
11517
11522
11523
11524
11526
11528
27912
519437
11531
11533
11534
11535
11538
11541
109851
11547
478492
478491
519451
11549
11553
290085
11556
11557
11558
511265
11559
11560
11561
11562
11563
11565
11567
11571
11576
11577
11578
347455
11579
11580
19772
11581
19773
11582
11583
11585
11586
372039
11587
11588
11589
11592
11594
191816
11595
191817
372040
11600
11602
11603
11604
11605
11606
535888
11609
11610
11611
11614
11616
11618
11619
11621
11622
11623
11625
11627
11628
150894
11629
11630
11631
150893
11633
11634
11635
11636
437618
11637
437619
11638
3448
11640
11642
11643
11644
11646
52608
11650
11651
11654
11655
11656
11657
11658
11659
11660
462219
11661
11662
11663
11664
339349
11665
11666
11667
109970
11668
273808
11670
11671
11672
11673
11674
11675
11676
11677
11678
11679
249244
3488
11680
11681
11682
11683
11684
11685
11686
11687
11688
11689
11691
11692
11694
11696
314804
11697
314805
11700
11701
11702
314803
11704
11705
11706
11707
11708
265656
11709
11710
11711
11712
11713
11714
11716
11717
11718
11720
11721
380364
11725
11726
380363
11727
527832
536024
11730
282070
11731
11733
191956
19927
11739
11740
11743
11744
11746
11751
11753
11756
11760
11761
11762
11770
11773
11774
11777
11778
11780
11781
11782
11783
11785
11788
11790
11791
11795
11796
11798
11799
519696
11802
11804
11807
19999
347687
11812
519712
11817
347689
347688
306740
11825
306741
306742
429620
11827
429621
11828
11830
11831
306739
11833
11835
11837
11838
11843
11848
11849
11851
257615
11853
11856
11859
11860
11862
11864
11865
11866
11871
487000
11878
306787
11881
11882
11883
11885
11887
11890
151158
151159
421491
11894
151156
118390
151157
151160
11900
3716
11911
11912
11915
470668
11918
11919
11920
11925
11926
11928
11929
11930
511644
11932
298650
11935
11936
11937
159395
11939
11940
11948
11953
11956
11958
503473
437951
11967
11968
11975
511692
11980
11984
331476
52949
192223
11999
495320
192224
3816
519919
12018
36597
503555
290572
12042
290571
331538
12063
12064
12072
12073
12081
12083
356159
356158
12100
356160
3928
3929
12125
561000
44897
12143
462711
12151
12152
151422
323450
151421
12164
159643
12189
12190
12200
241579
429999
12223
298944
20425
36810
12249
12253
12255
249827
241639
12263
249835
28653
520177
12285
167933
12290
282631
307213
12300
12301
12302
12303
12304
4114
12309
12311
225311
233526
12342
372797
233529
372799
372798
503883
12365
503882
544838
274507
454740
12371
12386
200814
4209
36983
151674
151675
151673
151676
512132
12431
12432
159895
217243
217245
217244
209059
12452
4262
12470
495805
520381
495804
520380
495803
12481
12482
307398
12485
471247
471246
12497
12498
61652
471248
495824
544977
545000
12527
12528
12537
471302
471301
471300
471297
45319
110863
110864
4374
4375
307487
201015
201014
299328
4422
69962
340302
545115
12631
20846
430460
12678
299400
299401
258449
258448
4510
537000
12705
4524
45484
536999
307632
209333
381369
520634
12755
102879
381412
192993
225778
274940
61948
487941
307713
307714
4626
12818
12846
12852
53814
12862
266822
201294
12880
12882
529005
4713
479850
316021
316022
356999
520837
12935
504456
12944
12945
12946
258708
4760
4761
471719
4770
53922
12975
471720
12976
307889
12982
12983
373437
299709
12986
299710
299711
12989
217815
561873
209629
45803
54000
13041
13042
4859
4860
299780
299781
4866
381702
545550
299779
13077
13103
504630
135984
504629
504628
4917
4918
13114
13117
13119
13129
373597
430943
13147
488282
4958
152422
152423
13158
152421
13165
13170
258929
13174
250741
4984
4985
13177
480123
480122
521093
455557
13189
37766
4999
521097
414615
13203
545682
545683
13213
13223
86952
13226
226216
13238
5054
13247
13253
13261
13262
5084
5085
5093
13285
218084
13292
381929
13293
250861
250860
13298
54263
13308
13310
13311
13312
13314
13325
13326
13333
357405
357404
13338
209950
357403
111655
111654
29738
13355
439337
13361
234552
488514
13384
5200
455766
169060
119923
119924
463984
160891
5244
13436
13444
300160
13445
13451
13452
13453
13454
13463
95382
447647
29850
13472
5288
251055
13486
13487
13494
13495
447665
13500
13502
259271
13509
259270
13511
13512
13513
13514
218319
13517
333000
13519
13520
13521
218322
218321
218320
13529
13532
13534
464099
193767
13543
13547
13549
13551
13552
562425
562426
423154
423155
423153
5368
13560
54521
13566
316666
13574
38152
13577
38153
13585
13594
13595
13597
13598
455970
13606
13608
13609
13610
13611
152876
529702
13615
152877
13618
13619
13620
5430
13623
13625
13626
13627
13631
13632
13634
13636
13642
521547
13647
13649
13652
13653
13654
439647
13658
13659
13661
13662
13667
13670
349551
13675
13677
13678
13679
13682
13688
13697
13700
13703
13704
13706
267656
13709
13710
169357
275860
13716
13717
13719
357788
13723
382361
529812
13725
529813
308634
357787
382362
13730
13734
13738
13739
13740
13750
13752
13758
13759
13760
13763
13764
13769
13771
13775
13777
144859
13786
13791
505318
13794
13795
472546
472544
13800
13802
13804
439784
13808
13809
13811
136689
13813
218613
13815
218612
13820
13821
13822
529910
13823
529911
235011
235010
497158
13829
13830
235012
235016
13836
13837
194064
13845
13846
169498
5659
13858
13859
13861
54821
13868
13872
13873
13874
13881
13882
13885
13886
13888
13889
13890
13891
13893
13894
13900
5709
13902
13904
13907
464468
13909
13910
13915
13921
13923
95842
13925
13926
5736
13930
13931
13932
13936
13938
13940
13941
13943
448113
13945
13946
13947
13948
13949
13953
13958
13962
13965
13966
13967
13970
13972
13974
13977
13978
13980
13982
13984
13987
13988
13990
13991
13992
13994
13995
13996
13997
13998
5808
120496
14002
14004
186038
14006
14007
186037
14008
14015
14019
5837
14033
292565
14036
14037
14038
14040
55000
14041
464606
14042
431834
14046
14047
14048
14052
308961
5863
14055
14058
530146
14059
530147
14060
14062
14063
14064
14066
14069
14070
14071
14072
14073
14075
14076
14077
14085
14086
14089
14093
14094
14095
14097
14100
14102
14103
14108
14109
14110
218915
14113
218914
14115
14117
14121
14122
5931
14126
14127
14128
87859
87860
14135
14137
14140
169790
14142
194369
14148
14152
14157
14159
333642
14164
5977
14169
14171
14175
14176
14177
14178
14180
14183
128870
14186
14188
30573
5999
14192
14194
14196
14197
14198
38777
14202
14203
530315
358273
530316
6021
14213
472962
14214
423823
14222
87953
423830
6033
14226
472981
14227
14229
14231
14234
6046
14238
14239
14240
14241
14242
14245
14246
14247
260004
6056
14248
14250
14252
14253
14254
14255
14256
14257
14258
14259
14260
14262
6072
14264
6073
14265
14269
14271
14274
14275
14276
333761
14278
14279
14280
14281
14283
186313
14284
14285
14286
14287
14288
14289
284629
14290
14291
14292
14294
14295
14296
14297
14300
14302
14304
14305
14306
14307
14308
14309
14310
14312
14314
14315
14316
14317
14318
14319
14320
14321
14322
14323
14324
14325
14326
6136
14328
14329
14330
14332
14334
14336
14338
14339
14342
358402
14344
14347
505868
14349
14350
14351
14353
14354
14357
6167
14360
14362
14364
14367
530473
530474
530475
14372
14373
14374
14377
14383
489524
14388
14390
14391
14394
374847
14395
14399
14402
14403
14405
14407
14409
14412
14414
14415
14417
14418
14419
14420
14421
448595
14423
14424
14426
14427
6236
14429
14431
14432
14434
14435
14436
14437
14438
170084
14439
14440
14441
14442
14443
14444
14445
14446
14448
14449
14450
14451
14452
14454
14455
14456
14457
14458
14460
14461
14462
14463
14464
14465
14466
14467
14469
14471
14472
30856
14473
14474
14475
14476
14477
14478
14479
14480
14481
14482
14483
14484
14485
14486
14487
104601
14489
14490
14491
14492
14493
14494
14495
202915
14497
202914
14498
14499
268455
14500
14501
14503
14504
14505
14506
14507
14510
14511
14513
14514
14516
14518
14522
14523
14524
14525
14526
14527
14529
14532
14533
14534
14535
30919
14536
14537
14538
14540
14541
14542
14543
14544
14545
465110
14546
465109
14547
14548
465107
14549
14550
14551
14552
14553
14554
14555
14556
14557
415963
14559
14560
14561
14562
14563
6372
14566
14567
14568
14569
14570
202991
14573
14575
14576
260339
14577
284917
14579
14580
14581
14583
6395
14587
14589
14590
14591
14593
14594
14595
14596
170246
14597
14599
14600
14602
14603
325903
14604
14605
14607
14609
14610
14612
14617
14621
14622
14626
14627
244000
14629
14630
14631
14632
14633
14635
14636
14637
14638
14639
14640
14641
14642
14643
14644
14645
14646
14647
14648
14649
14650
14651
14652
14654
14655
276795
14657
14658
14661
14662
14663
6474
14666
14669
14670
14672
14675
14676
276816
14677
276817
14678
14679
14680
6489
14681
14682
538962
14683
14687
14688
14689
14690
14691
14693
6502
14694
260453
14695
14698
14701
14703
14705
14706
14707
14708
14709
14710
14711
14712
293244
6521
14713
14714
14715
14717
14718
14719
14720
14721
14722
14723
6532
14724
14725
14726
14727
14728
14729
14730
14731
14732
14733
14734
14735
6544
14736
6545
14737
14738
154000
14739
14740
14741
383376
14742
14743
6552
14744
219547
14745
14746
6555
14748
14749
14750
14751
14752
14754
14755
14756
14758
6567
14759
14760
14761
6570
14762
14763
14764
14765
6574
14766
14767
14768
506295
14769
14770
14771
14772
14773
14777
14778
235961
235960
14780
14781
14782
6592
14784
6593
14785
14786
260545
14787
14788
14790
104915
14803
14805
14808
14809
432607
14810
14811
14812
14813
14814
14815
6625
14817
14819
14820
14821
6630
14822
432608
14823
432609
14824
14825
14826
14827
14828
14829
14830
14831
14832
14833
14834
14835
6644
14836
14837
14838
14839
14840
14841
14842
14843
14844
14845
14846
14847
6656
14848
14849
145923
14850
14851
64003
14852
64004
14853
14854
14855
6664
14856
6665
14857
14858
14859
14860
14861
14863
14864
14865
14866
14868
14869
14870
14871
14873
14874
14875
137757
14881
14882
14884
6693
14885
14886
14887
170536
14891
170537
301608
14895
14901
14902
14906
391742
14909
14914
14915
14917
14921
14923
391765
14931
14932
14937
14938
432732
432733
432731
14944
55908
14950
6766
14960
301684
301685
6773
14965
14966
14970
260737
14979
14980
96905
14986
268950
481941
14998
15000
15002
6821
15013
15016
15022
15023
6841
15033
15040
6849
465606
465605
15043
15044
15045
15047
15048
15049
15050
15054
15055
15057
6867
6868
342737
6869
15061
15062
15065
15066
15068
15069
6880
15072
6881
15076
15077
15080
15084
15086
195314
15089
195315
6898
15090
195313
15092
6901
15093
178935
219894
15094
15096
15098
15099
15100
15101
15103
260867
15107
6916
15108
15111
15112
15113
15114
15115
15116
15117
15118
15119
6928
15120
514835
514834
6935
6944
383783
383782
6951
64302
285493
473917
6971
432954
432953
293709
342860
293710
301908
301909
490329
7014
228211
228210
228212
7039
121729
277384
7060
7061
7062
7063
301980
236442
465817
457637
7087
7108
326593
7120
506839
433106
433107
433105
7131
506842
506841
506840
318439
7141
7153
252923
252922
564235
547853
7178
474141
474140
7196
474139
351259
7211
465963
384040
359467
506921
523315
547915
80972
121962
7276
564344
564345
220278
7286
220277
498814
531593
7330
433326
392373
392372
285873
466108
466107
335045
335047
335046
564430
7375
7389
7398
7405
367863
195830
171252
195828
171253
195829
7442
294172
7450
253218
7462
302377
564533
564534
7495
7502
236876
548200
548201
7527
441706
441707
548199
64885
64886
490879
564597
474503
474502
466309
474501
7559
384399
384398
474507
474506
351636
384400
220564
89497
7591
384429
384428
343471
384427
343472
343474
7612
359876
343500
343499
7634
564699
515548
515547
269798
7655
220644
7656
105966
7666
89587
89589
89588
7673
417277
7677
7678
523769
491000
7680
146946
409090
409091
7690
318987
171538
171539
15896
146970
15897
146969
7710
187938
253475
7713
253474
417319
482848
523819
7733
261686
482865
7740
7748
564800
269901
7763
7764
196186
7771
482916
7781
253542
7782
7783
319082
302709
368246
7803
7804
73343
401016
7817
7822
65179
7836
7840
7841
466596
7853
7855
7858
7859
433842
384696
7871
89799
474829
466647
7893
474854
40676
474860
474857
474856
7928
515838
7939
220934
245519
302868
302869
245520
7956
7958
7959
7960
7975
458538
7982
302890
458537
7991
147267
8002
8003
8005
8013
122700
122708
8026
368479
483162
8030
483161
483174
368480
474987
474986
8047
302964
302961
8058
237432
8066
253834
8075
8084
49045
303000
8099
335778
483245
253870
376744
409526
409527
8117
8127
8129
8130
516036
294861
8141
524234
8145
270293
8160
8167
8183
8184
294905
