1
14337
2
10242
14338
296966
5
6
10246
7
10247
8
9
10
11
12
14349
14
17
10257
14353
4114
10258
14355
14357
22
12311
14360
12312
520222
14362
28
344103
36
10277
40
41
14377
42
14378
45
14381
344104
14382
14383
14384
14388
12342
14390
14391
14394
14396
62
63
14402
68
14404
69
70
72
14408
73
74
14411
14412
77
14413
80
14416
81
82
14418
83
14419
12371
14420
14421
86
87
14423
88
14424
89
90
14426
91
92
14428
94
97
98
14434
14435
102
103
14440
105
14441
106
14442
107
108
14444
109
110
14446
14447
112
14448
113
114
115
116
117
14453
14454
119
14455
14456
121
14457
122
123
14459
125
14461
126
14462
127
128
129
14465
130
14466
131
132
133
14469
134
135
14471
136
137
138
139
14475
140
141
14477
142
14479
12431
144
14480
14481
146
14482
147
148
149
14485
150
14487
152
14488
153
14489
154
14490
156
14492
157
14493
14494
159
14495
160
14496
162
163
14499
164
14500
12452
14501
14502
167
168
14504
171
173
174
176
14512
177
14513
178
14514
179
14515
181
14517
182
14518
183
14519
184
14520
14522
14523
14524
189
190
14526
192
14528
193
14529
14530
195
14531
196
14532
14533
198
14534
199
14535
200
201
203
14539
14541
206
14542
14543
208
12497
14545
210
14546
14547
212
14548
213
14549
214
14550
215
14551
14552
218
14554
14555
220
221
14557
222
14558
14559
14560
225
14561
226
14562
227
14563
229
230
231
232
234
14570
235
236
237
238
239
12527
240
241
244
14580
246
248
249
250
251
254
14590
255
14591
256
257
259
261
263
265
504078
504077
267
269
270
10510
271
272
273
274
275
276
14612
14615
280
10520
461087
281
282
284
10524
285
14621
286
10527
288
456998
456999
290
456996
291
456997
293
294
296
297
14633
299
14635
300
301
302
457000
303
457001
305
10546
14643
308
309
10549
10550
311
14647
312
313
10553
10554
315
10555
316
319
321
10561
10562
323
10563
325
326
4422
327
329
6474
10570
10571
332
10572
333
10573
14669
10574
10576
14672
337
338
339
14676
341
10581
342
10582
14678
10583
344
10584
345
14681
10586
347
10587
10590
351
10591
14687
352
354
10594
355
14691
356
357
358
359
10600
10602
364
10604
365
366
10606
367
368
14705
371
373
10613
374
10614
14710
375
376
10616
377
10617
10618
14714
380
10621
10622
14718
10623
14719
10624
14720
10625
10626
10627
10628
389
10630
14726
12678
10631
14728
14729
14731
10636
10637
14733
399
14735
14737
402
403
14740
10645
407
14746
411
10651
14748
4510
415
417
10657
12705
418
14754
8611
14755
422
14758
424
356783
356782
14764
14765
431
14770
14772
356785
356784
356787
8631
356786
441
10681
442
10682
10683
444
14781
446
447
10687
448
8640
449
450
10693
14790
457
10699
460
10702
464
10704
465
10705
466
10706
467
469
470
10710
472
473
14809
14813
478
479
481
482
14820
485
486
487
488
14824
489
14826
14827
520684
492
14828
14829
494
14830
8687
14831
8688
14832
14833
14834
14835
500
14836
14837
14838
503
14839
14840
506
14843
14845
14846
14847
14848
14849
514
14850
515
14851
14852
517
14853
14854
519
14856
521
14857
522
14859
526
529
14865
4626
12818
531
14869
535
537
14874
542
547
14884
553
556
557
12846
14895
563
565
570
571
573
580
8772
8773
582
12880
14931
14937
14938
605
610
4713
152171
152174
152172
152173
373367
14965
14970
635
14979
12944
344725
665
667
670
675
12975
8880
12976
692
8886
12982
205499
8893
703
8898
15043
708
8905
8906
719
2768
724
726
13024
740
752
13041
754
13042
4859
4860
461575
461574
461573
771
774
781
461578
461577
461576
2836
13076
13077
457510
801
457511
802
457508
457509
457506
457507
807
9001
504628
820
504627
821
4917
826
9018
6984
9034
9035
9045
7000
373599
13147
373598
152422
373601
152423
373600
13158
152420
152421
9064
7024
228211
228210
13170
886
228212
7039
907
13203
7060
9113
236442
924
936
521143
955
521144
963
3013
9157
205770
5084
994
7142
13292
1009
13298
1014
9210
1026
9220
1034
1039
1047
357405
357404
13338
357403
357402
1056
1066
13355
9264
1094
7244
11341
472138
11342
11343
11344
11345
11346
11347
11348
1109
11349
11350
11351
11352
1113
11353
11354
11355
11356
11357
11358
11359
11360
11361
11362
11363
11364
11365
11366
11367
11368
11369
11370
11371
11372
11373
1134
11374
11375
11376
296052
11377
296053
11378
11379
11380
11381
11382
11383
11384
11385
11386
13434
11387
11388
11389
11390
11391
11392
11393
11394
11395
11396
300160
11397
11398
11399
11401
11402
11403
11404
11405
11406
11407
11408
1169
11409
11410
224401
11411
224400
11412
11413
11414
11415
11416
11417
11418
11419
11420
11421
11422
11423
11424
13472
11425
11426
11427
11428
1189
11430
11431
11433
11434
11435
11436
11437
11438
11439
11440
1201
11442
9397
11445
11446
1207
11447
11449
11450
11451
1212
11452
1213
11453
11454
11455
11456
1217
373959
11459
373958
11460
13509
11462
11463
11465
13513
11466
13514
11467
11468
11469
13517
11470
1231
13520
11474
11475
11476
1242
11484
11486
11489
1250
11493
11498
11499
11500
11501
11503
13551
11504
11505
11507
11508
9462
11511
11512
13560
11513
11514
11515
11516
11517
11518
9471
11522
13570
11523
11524
11526
13574
9480
11533
11534
11535
13585
7442
11538
9493
11541
9494
11547
13595
11549
253218
9507
455970
11558
11561
13609
11562
11563
9516
11565
13620
11573
13623
11577
13625
11578
11579
11580
11581
11582
11583
11585
13634
11588
11592
11595
7502
9550
11600
11602
9555
11603
11604
11605
13654
11610
13658
13659
1373
9566
13662
9567
11618
9572
11623
9577
9578
11626
13677
11631
11632
9586
13682
9587
11635
9588
11638
11639
521598
1402
521597
521596
521595
521594
11646
9601
11649
9602
11650
1411
11651
11652
1413
11653
7559
11656
9609
11658
13706
112011
11659
112010
9612
11660
9613
11661
112012
9614
11662
9615
11665
11666
9620
11668
13717
1430
11671
11672
11673
11674
11675
1436
11676
11678
9631
11680
11682
13730
9635
11683
9636
11684
11685
11686
11687
11688
11689
9643
11691
11692
13740
13741
9646
11694
9649
11700
11701
11704
9659
11707
9660
13757
11710
9663
13759
11712
11713
1474
9666
9667
11717
11720
11721
9677
11725
13773
9678
9679
11727
11730
460242
1494
460241
9687
9688
13785
9692
9693
9697
9698
9704
13800
9705
9710
9711
9712
11760
1521
9713
11762
13812
9717
9718
13814
9719
7677
9725
11773
13821
13822
9727
9728
11781
11788
11796
11798
11799
11804
1566
1567
11807
13857
1570
1576
9769
11817
9770
9771
13868
1584
13872
7733
9781
1590
9782
11831
9785
13881
9786
11838
13889
13890
1606
296514
9799
296515
13896
11849
11853
13902
9807
7761
11859
13907
9813
11862
13910
11864
11865
1626
9819
11867
13915
11870
11871
11872
9827
1636
7781
11877
11878
11879
11883
13931
11885
13934
11887
13936
13940
13941
9850
7803
13947
11900
13948
13949
13952
13953
13958
11912
13963
13965
7822
11918
13966
7823
13967
7824
13972
1688
1689
13977
13978
9885
13982
11935
7841
1698
11939
13987
13988
13992
13996
249519
7853
13997
249518
13998
249520
14004
1718
14006
1719
14007
14015
14023
9934
14033
7893
14037
14041
14042
14047
14048
14056
14060
14063
14064
12016
14066
12021
14070
14071
14072
14078
14081
12034
14085
1798
14087
14090
1804
14093
14094
14097
7956
7959
456478
456479
14108
14109
14110
14113
14117
456480
456481
14122
14128
356165
356164
356167
356166
356161
356163
356162
356169
356168
14159
14164
14169
1884
8030
14175
14176
14180
1893
14183
14186
14197
12152
14202
8066
10123
477065
477064
8084
14229
8092
8099
10147
14247
10158
165811
14258
14259
8117
14262
165812
14263
165813
14269
14270
14271
460739
10187
10188
14286
14295
14297
10203
12253
14301
14302
14304
4065
10215
12263
14317
10222
14323
14324
10229
14325
14326
14328
14329
14330
14331
14332
10237
