48640
7171
46090
51211
29200
59921
68627
1043
532
4636
29
33310
50206
53790
4127
32287
39455
77858
37
10281
55338
27691
50734
46129
84528
53
2106
38972
19517
68159
86592
31810
1608
1610
75
10315
58955
4175
7252
23636
6230
25689
69720
14429
71775
29279
39519
64607
49762
96866
52840
2669
38511
66164
65142
23671
120
121
3706
5755
32891
63099
13436
88188
4223
95873
97408
31362
94850
7301
56965
49287
8330
10891
2189
40590
23183
37007
145
9361
88211
1172
39061
1686
64668
1184
20131
41124
166
9382
74410
11439
2738
179
182
6327
2232
21176
7867
84666
58044
86206
32960
63683
15045
28872
27849
74955
204
67277
68302
42193
5842
10450
26323
66261
66773
48341
41687
77016
15067
10972
64734
6375
38634
50922
52458
61676
28911
83182
59121
76023
760
97530
1791
20225
37122
88322
71431
3847
19209
1803
3852
2317
56593
69908
69935
44337
84786
5946
76608
30018
2373
90438
328
840
47945
88394
91978
45390
77137
337
2900
4437
96600
2399
18271
864
16228
41829
43365
24423
30567
4971
45423
59251
1401
97144
3964
1407
23423
2944
40836
65413
84362
16268
93069
69516
6035
38807
11673
19354
53150
18847
1952
54689
6051
65959
96685
5040
2485
73142
1464
78264
12218
42426
67514
9152
22977
3010
12740
52164
88013
83919
85967
6607
85966
2001
94672
55766
75223
21976
60891
50141
69088
34789
38885
44007
40424
42984
2025
13289
48621
92654
1008
28144
4085
12280
47608
76281
1017
6650
25084
29692
1021
