97.73722656159293
91.53919097070322
34.743909741842685
36.589311731402866
45.733838005553515
47.8484787883303
89.05727409411884
59.28646801477675
54.017417127031486
48.753445382232954
39.78252676364848
10.431732703505636
65.74007388748959
17.235484232315777
64.84414204507331
7.039912179149576
4.654881027040547
65.13384547757224
15.353273653037236
42.786914631028736
85.2114991466285
41.76306611554631
74.79685966240106
70.76437272653403
47.386797548383505
1.2358575253014759
68.2867383513524
96.09726564946112
76.39752111011352
80.49889849911963
21.713101309018825
63.64487984118702
19.49291404675274
95.4210314153223
30.509928301021837
61.64995273274197
4.700954688363346
43.230339387943495
48.22834384053319
13.470432202133031
99.70260357050776
46.178655611143085
46.22707987660889
96.42276867601527
22.93433790764645
83.51910644817686
27.52754765563291
9.285173808668713
33.56993790021491
36.7142306696963
0.24426413387377277
8.153898059562191
82.20830829488096
16.24936899910674
28.989709722333355
44.11499526988312
99.8949221042653
47.507941189408484
86.26591048333904
65.58865932975144
39.53019981224675
67.87235437005924
20.0933984519023
93.22271883668517
60.768983439197086
27.546208072108126
38.99139112900713
35.85639140246034
67.19096825766124
92.55063116046516
90.9114104671473
92.34496275236576
62.8228450487798
19.9294659417631
78.83976180169095
75.93057757102659
94.01855043946733
12.405171218968835
12.522637530209868
5.363819613269705
82.25493465995713
62.559282623362236
43.13081727382544
30.1253699087766
33.57584029224887
65.06830296081087
65.66932763497226
95.86647933333448
31.2184266922095
9.607952858945268
2.550563890743174
10.581589811855153
79.38133434299982
66.74572265942437
0.9878113928868615
42.04591128750288
68.1450478618651
44.473694339966755
86.72924152824994
62.695364147112045
72.23063490996911
23.990657705024077
17.14084716995331
59.39573548270823
79.58378716623018
79.92454768561782
67.76001434781902
42.442527040008706
69.69688803032311
52.39329258677326
68.1796941016146
20.65241893812374
26.132609781686888
66.13413601343957
75.48647244499436
57.551875986784836
72.88831395156741
85.38862982240424
36.464061227890774
87.4378935957613
70.0413269365002
52.31238945714204
43.38705109633479
49.480450323809066
90.5409362401341
81.3858734950776
32.46803516999886
93.05575802014367
27.063720547424207
72.63436718116301
8.884489583921685
18.143919993295675
45.52464573539249
62.422463662930184
7.800105533513535
40.894149522380694
10.137073935791452
52.17030087333203
16.908480261187787
16.355236992092117
53.84071508824434
42.545906670567724
92.76545825960034
7.888451202547309
57.46720517700105
53.51998108930262
0.5396037620573946
65.92466053951908
31.188896387271093
29.12650653115231
94.79860172013771
67.4969123500557
62.597153654031466
9.854615645525088
37.562694311633216
72.3742867442844
7.182227297349087
5.304129742353569
19.094486092505093
71.64236681248681
49.037634995345215
15.069285159712798
6.757755627336149
40.2201960416265
52.28765213666803
26.772128821381237
97.76624413978793
56.07310616588976
57.037381440198445
66.74912270040016
92.75654529170089
15.775366317043972
47.57061684468157
91.10155319707785
38.857662523171065
58.59609453218877
35.07149845794212
82.65232103786167
13.292951811024178
9.426450831664235
52.32173905151867
62.80875858818602
31.538505066749046
64.63560646362183
53.625982231475874
36.41313692629943
67.67531725879742
74.33756663043327
49.6436697330752
62.36956213222058
68.81083807971741
19.570433761657725
83.85647593231911
83.16797728311715
30.308791720159235
43.534205214166576
75.07630354166915
52.383046198421255
74.05445605937429
72.30278958897328
8.699442925072942
70.807698697227
38.095853809848364
52.32039253019188
58.33843417991101
79.08814995357764
42.7395511743736
39.51201029339565
59.0138445144925
57.559268462142235
45.543157240640284
97.98223911988808
33.26399328122138
52.436162790073105
35.63473453741386
5.046218320120566
92.33146833544652
81.59988950853784
46.40277587492909
13.73097246012196
96.01098630098262
72.92226390034553
84.838551921746
93.90502502442757
56.79401511555141
53.40671135499991
85.67600798149601
58.83861245345503
16.621275057627706
38.379201990544146
98.96260863620661
85.2664449568417
7.855087675582473
66.5452808606522
10.80785310831941
51.91939327999279
34.009291370388496
88.9362840044963
78.79443205705692
54.011114589065855
70.32519064250761
47.59982733123218
35.900294726319395
99.31006201836827
89.45786496061939
73.34673332315064
79.76819025662437
55.19694607444007
63.3378720742591
90.94851117538929
17.772487898788803
95.50217140483545
78.69921057534164
44.88662877892003
82.5714049127816
90.93735445979347
30.81514154812095
49.08678803224824
67.6960186590164
97.57952172488012
27.659299968233153
20.0284573829424
58.21576278315669
24.136170315993777
45.01027281504749
74.20197062835226
47.63332019475077
0.6138267380147666
21.94362867898082
58.09248241892827
38.90018702490947
28.532365028189133
75.70612035638428
31.70216338182894
24.8073968757917
65.97178023684836
45.14262187267142
45.079000779806144
30.99423613612261
89.50772529996298
42.64709594326811
31.402633385442158
83.43097028062174
79.48660633673649
6.034700356008937
89.88464426217686
31.470020856906665
95.1105705847844
93.78289057675164
47.072812902940456
17.423166220868037
41.44724998053528
59.76519813291237
66.10582924216877
34.11071798213884
81.74868501670323
76.90210057491643
20.046996265307005
52.94189044712022
15.358313851563976
53.07923084737792
57.63250572241415
36.82381554457995
24.004546377801372
97.2338796928648
67.60189277370915
74.55999489855863
87.42386763191948
48.686646126456935
91.23529005717137
86.38723165022462
83.0260095182467
78.59571420203537
41.804152884990806
53.91336057323504
13.708272307092706
8.837175287800969
64.34915693222912
21.95640938713248
52.94553198186735
70.66547485222934
9.530986818196341
4.649045820118269
56.92711490664928
43.183913699335164
1.2567741615591377
3.6605308346534415
69.78111638942799
69.95587319017277
49.36699509314353
12.501591112017518
39.821413518260094
51.013261921498355
95.87461638927664
37.615963770166005
72.27204019619077
47.06941133795053
86.08036515726293
14.325637296134786
67.06817976920559
12.919451194320587
24.34500458880986
33.68506696390586
29.10254961111648
97.8119996437953
8.38152306434068
24.912958067113923
92.68049339723252
12.001750382047883
35.63717093999305
57.30848330522329
71.96659798004343
60.74332013269612
40.66737573493081
35.42204652300234
34.85021410284865
89.66253828728775
53.36046244837169
61.73905484648529
98.92678828386448
68.742097503323
64.45429907224131
32.24837070509592
65.1864204848825
66.08429746919168
46.99286856911117
12.005453990231896
37.52062017060687
27.164378695531745
10.202941153092503
10.163432766676895
24.30274669993535
80.46371571282292
55.72791243904944
36.93369098283499
82.06717956575197
36.17296265837824
65.23801886455226
78.55074890678935
40.70671931353984
31.080968420560417
73.1431125859691
70.55460609637201
44.627395866615416
99.81609251877693
68.46620179276225
84.56688098877179
54.94420314383313
20.282349446236214
25.893073345080687
69.22547015411796
84.07098762878923
89.43353762462958
87.59521032555357
2.055637724749537
75.95212338561029
34.45435270012156
4.630387754992659
15.793814447355281
2.7032180251763904
53.96820522970772
99.55727169425627
60.043578580980515
21.572551208882185
14.067320636452397
30.357413398334344
47.13164424628518
24.904589181257876
94.76137725661766
19.840043779965544
9.644939030315403
20.181286592190784
93.86682230131295
64.41211911541006
66.36811001408252
97.2366123133419
47.40972904146729
51.42811986228869
53.20411105172349
75.38408146416059
18.29083756449037
95.29105933076077
26.1488091533291
74.46675818651963
38.26223816255041
49.05828746577055
84.50377887669401
20.733609346391045
62.19090946806156
60.51264784397921
94.24981847089965
80.9657181135543
8.135103748822914
19.491585191622242
13.866886350773623
16.420304454600853
11.935374842937495
86.72383774354473
37.87459070245818
61.93011502915693
20.822810447518712
3.505380608840847
76.98048748127566
64.89021444909025
86.97279861828127
56.25332788601807
87.96183241897434
63.8837717640757
98.98347309289875
10.308501916473622
51.26968261645435
47.34297116498053
6.93373762124474
33.314439107206674
69.83249442124341
8.910673818278026
54.97655229705575
0.08262335431497014
28.649704493166382
8.06302574847113
34.34896152711373
8.060760491073582
11.504003120690188
52.07273301259434
9.231103081800097
35.35296613105396
18.484318600351912
38.53723241300603
48.062247071552264
41.69771258829077
65.99984538598916
36.46551837536693
13.722662418768527
46.89149920094127
79.57862966250579
38.31198014071181
27.415899262067654
20.853143556428943
8.982649509884311
85.3650226455117
23.13690128893624
84.85571283386419
5.034457945412907
54.54289917352872
52.28706280126476
54.41007605642063
98.03887105045044
95.91862404301382
81.29817618593862
50.866124722982796
8.796367502563774
27.190370676661313
49.053028868017414
71.00474695432051
4.943210554960443
23.8333854490131
15.441085557815203
31.72563106289311
87.71652124039497
91.81385822313149
37.563601214183194
0.3930539377096087
57.23090693832895
73.51476645493892
55.90318473803393
80.48381987416057
57.96642182397084
16.91829916781501
59.19867531398377
46.88852501873506
50.406002976916454
33.108904578954224
23.816958154885437
15.54939551503496
89.62374384863158
77.80557977515096
91.08912805128926
88.07495409039662
17.113725944606184
18.901595498406298
54.379182253538104
33.55380259892573
88.26230363323691
93.88427479943473
76.5792022293096
56.99682819382627
64.60511784989902
18.527089108466978
48.275815917804564
56.66921986513235
97.37334747361459
81.39077894495395
27.008423038228415
91.03064272451421
16.82199497100355
47.43980815886012
68.84052723899426
60.08400700600247
20.446262081313627
98.47491628250454
74.89126131266276
55.64027121342121
22.430432987485517
58.102145766935855
27.524983733148257
50.33875190121259
86.53682918668459
84.60318857715916
83.57259785081982
76.21947026471105
15.130838779002264
66.3414522842802
25.259045401411196
90.226040750421
8.151155598535231
21.232786601786025
43.43716711938874
36.22469746191391
37.5727612312609
84.32932683692596
42.27896910838507
90.95706949772386
5.273398464209567
65.7094516304425
9.75104877214198
24.801305687919506
65.20256992000938
74.63636350443068
94.00175100723263
17.29824064584725
94.36542521797725
35.34236706549603
62.21340244261968
42.10629390578432
91.37211154488949
64.81543691050734
95.52374901398814
76.3808258555454
66.1665093351299
43.60915472660979
91.29650008276833
95.53070392278434
60.03649310052891
86.9667136983183
2.321681512462437
85.88688238656371
1.1212095753100004
15.44413712899394
41.45223715180405
45.02480816696883
57.36908154013343
31.737439645389188
19.73416738899999
42.31449707011351
96.26354649845594
33.56297082644048
66.26320747455232
80.72919662509756
98.6218756244792
31.209698577008538
98.80187750144302
35.02550042067618
2.385588919159909
92.77678159916223
75.61648805580549
41.11490722615958
71.55937025894664
10.129212949637168
61.04448279812762
76.77877896632164
95.3186154918286
64.24893561921802
79.97826262837555
4.835705584181427
22.794017602489347
69.92834128499956
19.7524699363254
46.452321699836304
30.154927584598212
96.64754086569975
61.84738626295797
14.49565316911644
98.35143430844442
94.99640267608464
90.37200738078113
64.6570832813041
52.23847043875536
6.146849430308576
29.466039934051768
15.535082485510166
74.79346290636775
95.6504157454444
7.560908244843933
47.94585130344129
63.75237676957608
32.23065275032133
32.865584075573906
18.438104171630464
42.22723444962614
27.259429215675567
91.49390489233939
12.32018162387769
69.73155627772208
61.2507979412653
47.325750334658544
17.464775774628038
25.528323301594924
49.97551731636969
30.99529422866666
21.73856448876891
52.32847130413864
44.69396122472794
54.325278322105305
24.11104444842903
55.106144910483025
18.52460303131377
76.07709195828821
2.3289502719831323
47.160188569980164
64.10980289832918
75.06213880314084
98.49961791684152
23.539726933711147
16.51022338842002
57.460858300166365
68.00872379349954
20.564876291772638
19.653615256367196
36.62146130282896
86.90483795061625
89.41195315285924
74.68335583774119
75.66126414791474
28.21527615782933
71.59584182874507
44.196600574152164
75.86929043345832
98.61474422855639
14.670415755515098
37.6314236453407
27.20955942116078
73.4503264060314
7.581241154578167
69.95690621075812
11.150298603997499
80.33339910612614
46.84301938346578
68.33962840563814
60.5950625137774
59.34104580964418
67.07758436776693
99.60453233652362
36.867574203540265
71.32663061427269
82.43643154537057
5.077725364825092
79.50279309740276
34.92118552887942
89.04518119883204
58.79323710485753
21.0226255848177
47.514303699988425
72.84552949887964
10.065345699546446
35.92535451991924
85.83528505031533
52.073614220731926
32.072577871480014
10.793704293480777
87.71225691476022
59.101952356440215
74.36902689198398
80.72724244654903
88.16910922731286
32.485399366929954
9.133197634436064
76.23058265382375
20.22701232725873
46.789891383418855
68.48404565978221
64.23963457423109
93.60942039565656
55.14594158003574
93.33849753318574
47.14392864472885
33.00640257193685
57.45724437911759
53.05419446538595
4.46385073292409
91.63623711293437
35.807913157978675
49.495791914121554
23.26735580703252
55.54922206483237
17.850252953208855
89.18262214026163
65.46156130129992
19.450664387473903
38.81818124708442
92.82011436796518
62.77034103498309
45.777051513650136
73.29974635299283
12.786861022120133
13.509907173440261
15.341476002613897
99.01541428418614
46.04375858040699
79.20005893572618
40.071347107199905
36.58713971126677
62.451182747297395
43.599617399639335
36.19351666579307
81.64647521069014
16.62470675522163
1.9303233743136472
49.678945746439055
8.618267901900312
75.22936709844889
93.85427954228692
84.84108298155131
79.12975882787569
71.00704658755794
80.19573033671354
11.689117190273501
32.23322894993842
89.85105808721111
90.44888239754728
17.969403877047696
68.49354758873608
7.886534762043285
35.78910704664045
27.785240717618386
65.48032041850016
21.78480433797343
90.60574365549866
30.267342971345347
78.31757523313723
57.43439230718133
94.50046205152177
48.97430944950331
85.68223154342414
99.61090505329065
16.245953325319928
35.53443979177722
39.00586585607834
58.43249201585723
51.37546000209024
89.49729746441444
60.62257230275453
77.15720705585393
95.87446859498908
90.4454145638171
15.219001307986114
90.27303890964878
49.87165234876392
78.12359657594861
48.18091634812179
60.8509585413311
57.27696487504771
31.675300416427767
44.293946356645804
61.77587787972529
79.99050034529049
80.03259590393274
10.744426319124756
16.739856841355216
38.60659732234777
22.088253968562466
29.479539061159098
83.77656449976163
25.46337762439157
47.485532876987335
55.724246663407015
46.635402536494986
10.438753006419144
26.693244646636682
61.81577802270618
77.43829663580412
15.06963716465821
82.49078043982885
38.5047242878957
47.831703924008565
26.371975581522022
64.0696997756785
69.48504599999868
95.24085551450285
58.16489489570379
19.665643223935202
89.15365035953398
95.8528464153884
44.75313294126808
3.966240973923296
18.46336802658808
56.599681441795425
69.49763338727749
62.49782074934663
49.22157687545311
14.681934360653702
89.10499556277132
6.775661164192792
13.299847243206553
25.068185894798557
13.392268183589728
31.20966033511615
29.9584080264377
23.924966813056127
39.83431464366415
25.58922334258599
71.8524116000337
79.07644827579283
22.376794384655597
5.428303396943523
28.27531773845594
77.36264206516795
74.79856401364893
16.533449044273297
72.80796174294386
53.159425128088856
70.33312250829522
69.86487686677131
61.78017627977314
32.3432308633349
1.3094267282822702
28.09248435244416
99.81509421682064
51.6277627331897
5.248275623835507
96.20584309863165
9.214581276845601
14.469639208494911
47.15119405195256
65.11921064514125
31.057471673542214
61.634387827695335
71.64451134261022
19.419621997561332
67.62062014715909
67.03377755354491
3.192170403734673
48.23817376992846
48.09601347266559
17.58994873291273
77.76653395078071
91.68163226348648
62.56550623086626
99.65138487240543
35.167228876283
14.343510016996685
62.80800145921322
93.88028238067544
87.60392359950913
22.120857291255692
72.75218806223944
75.55040131416516
7.2096176069688545
28.89494034548038
86.25122885804902
27.839001135019714
42.826877057490606
35.59109081436181
55.34407182761877
1.9660416427453642
84.7101861983396
5.715019429227675
88.28133251778819
99.92831156328627
44.713413017908735
8.669919404757053
83.3319944488331
13.095678821685908
9.082101919725128
54.99068937011303
21.750423777741233
23.081246228087473
51.14616105173644
66.08867067704963
31.2715374198839
60.066659397112076
62.00922861235908
5.182341781470989
10.115136584152939
18.158367754587033
68.75684324102113
45.79635376210636
70.71884491290132
47.370203996909446
61.756259636524526
69.54345671619112
22.282223775455478
77.47211357854478
45.296599621573044
65.86076799922685
61.69303702622098
80.21447064074067
59.11875468629132
52.9539573220016
83.51983729913238
43.33188607811531
92.31026274340486
51.4099055046359
51.493376475184206
12.24996174607954
25.591181496109794
19.7704328900427
96.26259869299619
53.563027437588914
93.19270789142608
4.816751294827826
17.199275873219722
8.120336878676826
51.33112046046675
68.39629988885734
69.63859484841845
30.952793631818075
76.70541333200434
27.33062077861255
13.181318059912982
60.291820328272095
95.49770413360379
83.27508866762923
81.54642252465054
18.576443782718187
61.031356382838844
25.35814649203575
9.951357997169518
24.61428567453353
56.54248613834913
60.00993659666685
22.110412906483333
87.95660472512763
98.44634763426201
59.59706655600991
35.67988986604925
64.06714756445325
55.03080474554043
24.312429880421536
92.34214253804907
72.00898903545452
75.6849671173752
20.22590661426119
56.70874565020429
15.14320768623132
46.5717857341994
90.48391280899956
56.83638055146494
99.72763157580182
50.07918612068322
36.35269357532533
58.387311073670986
16.32355312337935
7.435141436077608
30.132391037236907
74.32957628794722
34.5627399433336
26.5478287648788
52.925841344971914
12.560330394355379
63.09665481913517
