48640
88322
20228
17925
47877
65029
76038
52745
15114
63248
59921
30227
88858
33310
53790
77858
89129
9769
27691
33837
44337
46129
84786
70455
19257
38972
43837
90438
58955
88394
23636
96600
84314
18271
29279
64607
864
20083
99191
63099
64891
13436
88188
70015
6783
23423
68225
89217
95873
97408
77955
7301
93069
94092
9361
41364
67991
95641
19354
64668
74400
65959
46759
61096
74410
81327
11439
97205
73142
80313
32960
94657
62402
72390
90054
27849
14794
74955
204
21965
85966
42193
94672
17363
66773
75223
56023
37593
77016
60891
64734
40417
72932
40424
42984
28652
92654
1008
76023
77303
56568
76281
6650
77307
97530
29692
51197
65277
