25601
20996
19981
13838
13839
13840
12305
22041
22042
22554
22043
22555
22044
14368
21025
21026
21034
21035
21036
15928
15929
15930
15421
25150
23621
24646
27210
13387
27723
13388
1101
13389
1102
13390
1103
1104
1106
1107
1108
1109
1110
14422
19030
14423
14424
14425
14426
14427
14428
14429
6750
14430
14432
14436
14437
25702
6759
14439
25703
6760
14440
25704
14441
25705
14442
25706
14443
14444
3181
24688
7281
24689
21109
26741
8319
23170
9347
9348
19078
26758
19079
19080
24720
24721
24722
18581
15510
18582
14490
17563
17564
13981
8362
17071
2736
17072
2737
4273
17603
24293
27366
24295
24296
4841
24297
24299
24300
24301
24302
24303
24304
25842
25844
25845
25846
25848
25849
25850
24829
24830
2305
17669
25863
25864
17163
28947
4372
6941
3870
25376
28962
28971
17196
28972
17709
28973
17710
17201
17202
17203
17204
22324
17205
5430
20803
29005
9039
21327
9040
9041
17745
17236
14681
17251
15210
17781
22901
13686
22910
16266
16267
16268
16269
16270
20366
2448
2449
24977
24978
24980
24981
24982
24983
24984
29091
29092
11181
11182
18355
18356
25528
5561
23481
5562
23482
28602
23483
28603
14781
9165
9169
9170
17881
25561
17882
25562
25563
989
990
25064
19946
26608
26609
26610
14329
14841
14330
14842
14843
