81922
98309
90116
49159
73739
81933
49171
57363
57364
90133
73748
73751
81944
24602
29
73758
49186
57378
40996
37
49189
65572
65574
24616
8239
90158
53
57399
65593
16445
57405
63
32831
8256
32834
8260
41028
73797
73
75
24652
81997
49231
57423
49232
24659
84
41045
90196
8286
16482
65635
32871
41064
57454
73839
98415
24687
57458
98418
24692
16501
57462
24695
120
121
32891
8316
57471
65664
90240
41093
8326
49287
57479
8328
65672
8330
24714
41098
90252
57487
32912
145
57490
57493
90263
153
8348
158
32929
65696
49315
41124
49316
41125
166
32935
82086
16558
32942
8368
98483
179
32949
182
8374
8375
82105
24762
57531
190
16575
32960
73921
16577
98499
195
8387
24777
204
73932
73937
32977
214
41174
90326
57560
24793
41177
218
41179
49375
90337
24801
73952
57571
49380
32998
73959
57577
16619
49389
49394
33011
33012
24821
24822
41206
73975
49399
16633
49408
90369
49409
24834
271
73998
24848
8465
24851
41237
98580
16662
49430
57623
74008
24859
49436
57629
8478
74015
65822
8481
82211
82214
16680
24875
65834
82221
90413
8494
24879
98606
82225
24881
65845
8501
90420
16695
98616
16701
74044
57662
57666
41285
8518
57671
90438
98630
328
33096
41292
8528
82257
337
33105
98640
82259
74069
49494
82262
49496
65880
24924
74077
49501
24927
24929
82274
24934
74089
82281
16745
65898
49518
24943
16753
8563
90487
98678
8569
16761
49532
381
57726
49535
49536
16771
41351
16779
65936
41364
49556
41369
65947
33179
65946
413
33182
82335
33183
98721
82336
98720
65954
421
16805
65959
65958
427
49580
74159
41391
49583
57778
82354
98742
57784
25019
74170
8642
57794
49603
454
455
57800
82377
90569
25036
41420
82381
33229
49613
16849
49617
25042
74195
98775
49624
41433
33242
16860
33245
98783
98785
33250
90595
49636
485
16869
82407
82408
33258
57836
90604
90607
57839
66035
57848
16890
25084
511
49668
518
49671
41480
33299
49683
532
49685
98841
82456
57882
90650
82461
541
33310
25119
8738
98853
8742
90663
553
49706
33324
8752
41520
41529
74299
82493
49729
66119
33351
82502
66123
16975
82515
33363
90709
25175
90710
57945
33372
49762
25188
57957
618
25194
49773
74348
33390
8815
624
17009
90736
66164
8824
49784
41593
90744
8832
25220
33412
82565
646
8838
66183
49801
90763
25227
33419
66189
8846
33427
41622
90780
66207
90785
25249
74400
66213
66216
74410
90799
49840
90800
90811
58043
58044
49858
8900
8901
17095
90825
8907
66253
90831
66261
90837
41687
17121
25316
58084
66277
99045
41701
25322
90859
33515
90861
74479
74481
8947
17139
82674
90869
90868
760
8952
66297
66299
82683
8955
82682
99069
41728
90882
17158
17160
58120
90888
25356
90895
99086
99089
25362
17171
25364
74521
796
41761
41762
33571
58147
66338
82725
66340
74532
99110
99113
25386
74538
49965
90928
9010
58162
82741
41781
49974
99127
33591
9017
82744
90939
828
17212
74557
25407
49983
17220
840
41800
90954
74577
99155
82770
852
17242
863
864
66401
9057
58210
25443
41829
82788
25446
82790
66410
99178
17264
82803
50035
58230
99191
41847
91002
894
9086
895
58242
99203
33674
908
9101
99218
91029
33685
91028
82840
58270
58272
929
99234
41893
66471
9127
66475
17323
91053
50093
66476
25518
50097
74672
66483
82868
953
66491
66493
17341
91070
9152
58304
41923
91074
99266
41924
99269
91076
33734
25543
66508
74700
99278
58320
17363
99289
33755
50141
74719
58337
17379
58339
74727
82922
1008
66545
9203
1017
66554
1021
91137
9219
91143
1031
33799
74760
74762
99338
66573
33805
74769
58385
1043
42003
1046
99350
74776
33818
25628
25629
82972
50206
91171
25636
91172
74793
17449
9258
33835
58411
99370
33837
17457
58419
58427
9276
42044
74815
9284
99401
1097
50251
25679
83025
83027
17492
58453
25689
74843
17499
17501
33885
25694
91230
25696
66658
9316
58469
25706
9328
74865
25713
74866
17527
91259
25726
91264
42115
42116
74891
91275
25739
91277
99469
17551
9361
1172
66709
42133
9367
33946
17565
99486
1184
74914
9382
74919
99495
58538
33963
25772
58541
99500
74927
66736
17586
42165
25782
9399
99510
42168
58552
50361
99516
17601
9410
25794
9413
17606
50374
66761
99529
74955
99533
83151
34000
42193
1235
66773
50389
1241
83163
74970
83164
50399
25825
74976
58595
42215
50407
50410
9453
74988
50415
83182
1270
83191
34040
9465
50426
34044
9469
42239
91393
99584
25858
42243
75012
99588
75016
42251
91408
9490
58642
91413
58645
75028
91412
50454
9496
42264
50457
1306
66846
91422
9505
66848
58658
34087
75046
50473
58665
50475
34092
25903
66862
66865
91441
34097
50481
58673
50482
66871
17720
99640
91450
66877
75069
83261
99645
75073
83267
42308
25925
34118
66888
83274
91466
50509
91470
1360
34135
91480
42330
75098
9564
17759
17760
34145
83296
9570
1379
1381
42343
50537
17770
83307
9582
25967
1392
75124
1401
66941
50557
1407
75134
9601
50562
75141
50565
58757
99719
75142
17800
42378
17806
25999
83344
26003
9620
34196
58773
75158
75161
9627
34205
83356
17825
99747
91557
99751
26024
75179
26029
50607
9649
83376
1464
42426
17851
91580
17855
91582
99774
83398
42441
67023
67028
75223
34265
42457
91614
1504
75235
34276
75241
67048
83432
17899
91629
17903
17904
67061
17913
42489
50682
42495
58879
26114
67075
17925
83464
1547
42508
9742
34318
9749
99863
17943
83478
83481
83484
58910
83487
1567
9760
34336
1569
9763
67106
17956
50724
83493
9769
83496
83498
91692
50734
58928
42548
42550
91703
17975
42554
91709
34368
17985
50753
9795
9796
91716
83526
1608
34377
1610
58955
58956
75343
91726
58961
67152
83536
26195
1621
67156
75351
99927
83545
42585
67160
58970
26208
34400
83555
9829
50789
50793
75372
9838
58990
99950
83571
50804
99956
75382
83577
67201
91776
9859
42629
1671
91782
18059
83599
50832
75408
50834
59029
1686
67223
75419
1693
91806
9888
34464
9890
59042
1702
83627
42667
59052
50862
18097
83635
34484
9909
9910
1720
18104
18107
50875
1724
1728
34497
34498
34499
67269
50885
91851
67277
50893
9934
26323
9942
42711
59099
75482
91871
50912
59104
42722
67299
34535
50919
50922
91883
91882
83692
67313
59121
67317
42746
42747
67325
91903
1791
9983
50950
18183
42759
83718
1803
9996
50963
83733
50968
67352
83736
26395
42779
91930
18205
50973
75548
91936
34597
34599
59175
34602
26415
1841
34609
50993
18226
34610
42804
10038
59191
1860
59207
83782
75595
1867
34635
91978
10060
10061
83791
67406
1873
34643
1879
26455
83798
18266
34652
18271
10081
92009
67432
42858
42861
26479
83825
59250
59251
83828
26490
83835
92029
92030
34690
42883
10116
1925
42885
83847
51081
67466
10124
92045
1934
67471
92046
1937
92048
59285
83867
83868
1950
1952
34724
26541
75704
67514
83900
10174
1984
92099
92100
1997
83919
10191
42960
2001
51154
18387
75732
83924
10204
67549
67551
2015
26591
67552
10212
34789
10214
51175
42984
2025
67567
92145
42993
2037
34806
92151
34808
59384
26618
2045
51197
34814
75777
2050
2053
83976
51210
51211
83981
10260
67605
26647
10266
2078
10270
59428
2088
10280
10281
67627
75825
34872
75833
2106
2109
34877
34878
59454
26687
92224
26691
34888
84041
10313
10315
26700
75852
43088
43090
2131
75858
2132
43092
84055
67673
10329
75866
26718
59488
92259
51305
10348
51312
18548
34937
92287
75909
43141
67718
75910
51336
10377
18570
43147
92298
43148
2189
34957
34958
51344
67731
26771
51348
51349
18592
34976
51365
26790
92327
34984
34985
51373
34990
59568
59569
92338
51382
18615
67766
2232
43194
67772
35006
51396
75975
26824
18637
10450
92371
67797
26837
51415
2264
18648
84185
92377
84187
59611
51423
76001
35043
18660
76005
84196
59623
59625
67816
18667
35052
67821
51438
59630
51441
92400
2293
18678
76023
92406
76024
51450
67835
84219
76033
76034
76037
43269
35079
76038
51467
2317
92428
35087
51471
26901
67860
51480
26905
51487
26914
18723
92450
76071
18727
43303
84265
2345
67885
10541
43316
67893
76085
26936
18749
26943
76097
18756
2373
18763
76109
76113
84305
59729
84304
26962
10580
10581
84308
10586
18778
59738
76122
84314
2399
10592
18785
35170
26980
43365
51557
51562
35180
43374
10611
18803
26995
59764
92533
26999
10616
18811
10622
27007
92546
51589
84362
92557
2447
84366
84371
67986
59798
67991
51609
10655
18847
43425
76194
92578
27047
59815
68006
76198
51624
92591
35247
35249
51635
2485
76214
84411
92603
68026
76221
18878
68031
92608
92610
76229
84420
35270
27080
51657
84424
76235
2508
76239
84431
18896
35281
68048
76243
59863
68061
43485
84446
92638
76257
2530
68068
43494
35304
68072
51690
27118
51694
92654
10736
51698
76281
84472
27132
59900
10749
35328
10755
35336
92682
92686
2576
59921
92703
35360
51745
84516
76327
10791
2603
27180
92719
43567
84526
84528
10805
51765
59959
2616
76345
27193
68155
84541
92733
35389
35390
68159
2623
43584
35393
84544
84552
51787
76367
19029
43605
68188
92766
19041
51809
84583
68198
84587
2669
51822
51823
92789
76404
92790
27256
60031
68225
35457
43649
60036
84619
10891
10893
35471
84622
51857
68243
51859
43668
76441
84633
68248
2714
92835
51877
10919
60071
27304
84650
2738
2745
84666
84672
76485
51917
68302
84689
35538
19155
43736
51928
92888
10972
51932
10974
51936
10978
92899
10979
92902
27372
43757
2798
10992
27381
2808
68345
19193
51961
2811
11003
92922
68349
60159
51972
76548
27399
2824
19209
2827
51979
68362
60172
43792
68369
43793
68378
76573
51998
19232
11041
52001
60193
27427
35621
68401
11057
60210
84786
11061
52021
11063
60215
19257
43837
92990
43841
76608
52034
2884
52040
2894
43854
93009
2900
27476
19287
35671
93016
76634
35679
27488
68449
84835
19299
84837
84836
52073
52075
35697
43892
27511
84857
52089
76664
93048
76669
52094
19327
60287
2944
68480
11140
19336
2955
35723
76682
93069
35726
68497
43921
52115
43925
84887
52119
84886
19354
68509
76700
35742
2976
19361
43948
2991
11185
2994
52146
52147
35770
35777
43969
76736
3010
60355
52164
35784
68553
35787
52172
76748
84940
27601
68560
76754
27604
52185
35802
11228
27612
60380
68575
27617
68579
3046
76775
44007
27628
11249
93168
27635
84978
3061
35829
84980
84982
27641
27642
27645
35839
44036
52228
52232
52234
52235
3084
27661
76814
27664
68627
11285
60438
3095
44056
44058
93211
76826
85021
3101
27677
85024
44066
11303
3113
27691
85037
93229
68655
85041
35890
11315
68658
76853
93238
52280
85049
93240
44092
19517
52286
60479
68670
35907
52296
52297
19530
27723
35915
11341
85070
11346
19538
11350
27736
3161
60511
44130
44132
44133
19558
35943
68710
35945
52329
27754
27761
3186
60534
52346
85115
68734
35970
3203
35971
27780
3206
44167
44168
60552
93323
85130
60558
11407
76944
93331
76949
35989
35990
11415
27799
85147
68765
3232
11424
3234
76966
93352
19626
60586
27819
44206
11439
60594
60598
44218
68799
44223
19648
44226
27846
44231
93385
27849
3278
68815
77009
36049
93392
36051
11477
36054
27863
77016
11482
68827
60636
93404
11488
19688
52458
27886
52462
60658
93430
77053
60673
27906
60674
68867
19717
68868
68877
52493
60697
93467
60701
19742
27934
60705
36135
11560
3375
44335
85297
19761
44337
68912
27954
60723
27957
68916
85302
11577
11579
3388
85311
52544
93509
19781
77126
52552
68937
52553
60745
19789
52559
77137
85328
3414
3421
85344
93539
28003
36198
93542
19816
52584
77161
36205
3442
85363
85362
77172
36219
19838
44417
52609
44420
36231
68998
60809
52618
52620
52623
69008
19861
52630
11673
3485
36260
93610
60846
77235
52659
77234
52660
36277
3510
85430
11704
28090
93627
69053
11709
69055
52673
19906
44483
52678
93638
3528
3534
77263
85456
85459
52692
44502
60891
3553
69088
93667
3556
52708
69095
85479
85483
11758
85487
69102
28144
77296
3570
77303
44535
85494
77304
77307
3581
85506
28164
11783
52745
20001
69156
3622
28201
77357
28207
60976
52785
69168
85552
52786
52788
69173
44604
20029
44605
60989
11838
36415
28227
36420
60998
77382
20040
93771
11858
69205
44630
28247
20056
69209
3673
77400
85592
3677
77415
52840
77416
93800
44650
85613
20081
36465
61041
20083
28277
69236
93814
3706
36476
52861
77439
11904
11906
61059
52868
61062
11911
36487
52877
52882
28309
11926
61083
69277
44704
77472
85664
93856
69283
20131
3748
61093
69284
85671
61096
69293
77484
36528
36529
85680
11955
44724
93878
61113
77501
11965
28350
52926
93887
93886
69315
11971
20165
3782
77511
61127
20168
69322
20173
69326
77518
77521
85712
93904
52946
69331
77523
3795
44757
52950
69335
61146
93914
85727
85726
3810
77538
28390
12007
52968
12009
52972
61166
28399
69362
52980
12024
69371
77564
20222
77566
28416
36608
20225
36610
3844
20228
3847
28426
69387
20235
3852
61196
36623
28432
12052
28439
20248
3869
44832
53024
85801
77610
85804
36654
44847
93998
53041
28468
36661
12087
69430
20290
12099
3909
20293
61254
85831
36679
3912
77644
20302
61262
94031
44883
44885
85844
85847
28506
53082
3934
28510
69471
36718
61294
44911
69489
44916
69493
3958
36726
69494
3964
12157
28544
12161
77696
69507
69508
36742
61318
20359
61321
69516
94092
61341
53150
94111
53159
53163
61356
36781
85934
69554
85942
12216
12218
20410
85947
12223
61377
77760
20418
69574
61389
85964
85967
69582
85966
4048
85969
69589
28637
77791
94175
4063
45023
28640
28644
69607
85992
28652
77809
4085
12280
20475
4093
12287
69633
28673
77827
86019
45060
12294
77835
20492
69647
86030
94227
86034
45076
61464
69656
86044
4127
69662
86051
53283
77858
61483
61485
94252
69678
86065
28722
69687
20536
12348
61500
77889
94274
53317
77895
86086
86089
36937
28750
77903
4175
86099
77906
12373
61526
86105
69720
86107
53341
69726
77918
86112
53353
69739
77932
20592
77936
61559
28792
36985
61565
28798
4223
77950
77952
77955
94339
94341
20613
20615
61579
86157
37006
37007
53391
69777
20625
53394
53395
69782
86168
94366
69793
45218
61603
77986
77988
20646
28838
77990
20655
69809
37041
45236
45239
86202
86206
78017
94401
20673
28865
69824
12482
69827
37059
53444
86214
28872
78029
12493
20686
69838
53461
94426
12509
45278
53473
28898
45282
45283
69861
4325
78055
20712
45291
61676
78061
69871
4335
28911
37103
45296
69873
86258
53494
61694
28927
37120
53504
94464
37122
37123
28933
4359
53518
12560
69906
69908
94484
53527
12568
28954
86302
78113
4386
45346
86307
37155
45351
20782
69935
4400
37170
61746
61747
86327
28986
20796
45372
37181
86334
28992
61760
86336
94531
12612
45381
53574
69958
94539
53581
12622
45390
53583
61780
4437
78164
86362
78177
29025
69984
37218
94563
37220
53605
69988
53609
53610
45420
86383
45423
12657
61815
20858
86394
94588
29054
70015
70016
70018
37255
53640
53641
45450
29067
78218
29071
29075
86418
53656
86425
4506
53659
61852
53666
86435
12709
78244
61868
78253
86445
78252
20912
12725
78264
94657
61889
70083
12740
70084
61897
53708
29135
94672
29138
61907
37336
53720
78296
29148
78300
53726
61923
86501
37349
94696
61933
12782
78321
86512
94706
45556
61941
61942
29175
37367
4600
86521
78328
86522
61949
70143
4608
61954
70152
53775
29200
45585
70162
4636
53790
61983
53796
53797
45607
70187
21036
45615
53808
37426
78386
12858
12860
21054
53825
86592
78405
94789
29255
62024
37450
45645
94800
78418
12885
62037
21079
62044
12893
29279
12896
53862
12908
45678
94834
86648
86651
37499
37505
94850
62087
29322
62102
94876
94880
21161
78507
37552
4785
62135
21176
86713
37564
70333
86717
21185
70339
4804
45765
70345
37583
37593
78552
62176
78563
29411
45798
4842
70379
86765
78572
53998
29423
86768
54002
62196
4853
70388
21246
45822
78593
37633
37638
21257
29452
29459
86804
37654
70426
13085
86817
54051
4900
13095
29480
54056
86829
37680
29492
37685
70455
95031
13111
95030
4920
37688
78653
86845
29502
37697
4930
21316
13127
21319
62279
4942
62286
78678
95062
54104
78680
95066
4959
70494
70497
29537
78688
21346
70504
4971
45938
70518
95096
29565
45951
54143
78718
78720
95106
62342
37768
45963
13202
37778
54162
62355
78743
86937
78744
37786
21404
5022
37790
70562
37797
78756
78759
37799
62375
37800
45994
5040
70576
78770
13246
62402
86981
13254
13258
62410
37837
46029
62413
5070
46032
54224
37842
46034
78805
21461
78807
86999
13279
54239
62431
70622
13282
95202
54246
37863
95206
21480
13289
29673
87016
46059
5102
46065
54259
54264
13305
87032
78842
21500
29692
37884
5120
46080
87041
21506
54275
62468
62471
78857
95241
46090
78858
95242
29712
46100
78871
13336
46108
62492
21533
78879
78878
95262
13351
54311
21545
87083
54316
5166
46129
5170
95285
54329
29755
87101
78908
62526
87102
95294
37956
95303
21576
70732
87121
78935
13400
54362
46173
62557
29794
5219
5223
95339
29805
62577
87152
38007
38008
13436
54398
5249
13443
46215
21649
95376
87187
5267
78994
54420
21653
62615
54426
79003
87198
46240
46242
79013
87207
21681
87219
21683
21689
5313
29890
38084
70852
21702
38086
70855
79047
29895
79048
21707
29905
79056
95440
38098
21715
95445
62680
79064
70875
95453
13534
13538
70884
62696
87274
54511
21747
29939
29940
38132
54521
79099
95483
38140
54526
54528
21762
87300
95495
21770
38154
46349
21775
21776
54544
79120
21783
54551
46361
13594
95519
21797
79140
29991
62759
46380
54572
38189
21806
38194
95538
21812
5429
5431
79161
21817
54585
5436
30018
62786
13636
87367
5448
5454
54609
21843
30036
30039
54620
79197
5469
46429
5470
13667
79209
13675
46447
79214
95598
30064
54642
13685
5494
62838
30071
87419
13691
54652
21887
5510
71047
95625
79240
54669
13711
5524
38292
13718
87446
13720
95641
54682
30107
62878
13728
54689
30114
30118
54694
87467
30123
38315
62893
46510
21944
54713
71096
95683
46538
95690
21965
5582
13774
95699
21976
30169
21978
21979
30176
79329
62946
87525
13797
71146
62956
13805
21998
87537
38388
54777
87548
87551
46593
95747
87563
87567
22031
30227
79381
71191
79383
38423
13851
63003
46622
87586
13861
46630
13864
63020
95788
95792
13874
22068
79413
79412
38454
87612
22079
87617
38468
63045
38472
79432
13898
5709
71246
30289
95827
87637
95829
13910
46680
71257
54877
13920
30304
5731
22115
79460
95844
54887
5736
71272
22124
38511
30320
13939
38515
5748
95861
79476
13942
30327
22137
5755
63099
87674
22140
95873
13954
71299
95875
71301
22149
54917
30344
5771
30349
54925
79503
22161
30355
13972
46741
30358
54934
46743
46746
87709
30366
46759
46760
79531
30379
79533
95917
71343
30383
95921
54961
14005
30389
46775
54971
71354
71363
71362
87749
46791
95942
63184
95953
5842
22226
95955
14035
30419
22233
46809
87771
30427
63195
30428
63197
55007
14052
55012
95977
30442
38634
46826
14063
22257
55029
71417
95996
14078
5887
22271
96001
96003
55043
46852
71431
22281
38667
63243
55052
79630
63248
87828
79640
14111
96032
14115
55075
30502
22314
71471
22320
30516
38711
5946
55098
63290
71482
71485
96071
63305
22346
79691
22347
30542
5967
79696
30549
96084
14168
63320
14173
22367
96096
96099
14179
30567
22376
46954
79723
38763
63342
71534
87920
96112
87922
30580
63352
22394
87931
96123
71546
87930
14204
30596
63365
38797
22414
87951
55185
6035
46995
22421
38805
38807
71574
14236
22428
14239
22431
38815
79777
71587
6051
14244
47012
14250
47019
22445
79795
55221
38839
87992
87995
6076
47036
6080
47040
47043
96196
71625
22473
6092
88013
14289
88016
30676
38868
88023
38873
30685
22494
22501
38885
22502
38888
88040
22506
14318
47088
47095
79862
55288
63480
96249
79864
79869
38909
55299
14340
22532
22537
30730
88074
30733
79884
88079
47121
79895
88086
6174
30750
47134
22559
96286
71714
22569
55338
55340
38958
47155
63540
96308
88119
47159
55354
79930
38972
79933
88124
88127
47168
63552
6209
63554
88133
96326
14408
88138
55372
30797
55377
30802
38997
6230
22614
38999
63576
96349
14429
14430
71775
6240
39008
88160
6242
55394
88162
96359
6247
39015
88166
63592
63599
79982
47216
71792
47223
47226
71803
14461
22653
88188
88195
47236
55429
39047
88201
6283
71818
80010
6285
14477
47247
88206
88211
39061
47254
22679
80022
88222
88225
88224
96419
6308
96423
14505
55470
63662
6321
80052
88244
47286
6327
71862
63675
39100
6336
22722
39106
55491
63683
14534
47305
88269
96461
30925
88271
96462
80081
80080
6356
30934
39128
55513
14555
47323
14556
63708
30941
63709
47328
88290
6375
71917
39150
22769
63729
22774
80119
80123
63739
96509
63743
71934
63744
39170
6403
88322
39172
71941
80136
80138
47372
14609
96531
22803
55571
96534
96536
39197
39199
22817
63782
80168
22826
55594
6443
22829
39217
39218
71986
31029
39221
55606
63801
55610
80187
6460
88381
14653
55615
96579
72009
39241
63817
80202
88394
22862
47438
63822
55633
96600
63836
72031
55647
72030
6496
80229
22886
63847
63853
22894
96622
39281
6514
72050
80242
88434
80245
72057
96633
22908
55677
72060
80256
63881
80267
39309
63889
72083
55699
6551
55705
80282
22940
47516
39325
63901
47518
39327
55712
55715
80292
88487
47527
88486
31147
47531
96685
80303
14768
31155
80311
14775
22967
55736
72121
80313
80315
96698
47549
39358
31167
96705
22977
14791
80326
14794
55757
55758
6607
72144
22994
80339
22995
55766
55771
47580
63968
72163
96738
55780
23017
80360
23020
39404
72175
14831
63983
55792
72177
96752
63987
88562
14838
80375
55799
47608
96761
6650
39420
72188
23039
14848
47616
88577
31233
80384
80390
64008
88585
14857
31241
96776
96783
55825
55830
96790
39448
14873
72216
39450
72221
96796
39455
64031
88609
39460
80421
14885
6695
80422
96809
6701
39469
72236
80433
96817
14902
72246
6712
88633
14909
72260
55880
64076
31309
31314
80473
23129
47708
72284
39519
47711
88673
39521
96866
31333
72292
14950
47718
80491
31339
55916
14959
72302
39536
96883
23155
14964
6776
39545
88700
6783
31362
96899
55939
88706
47748
96905
39562
14990
23183
80529
31381
80538
64156
6813
55966
47776
88737
15009
39585
55970
47779
6820
39588
23205
80550
64168
47787
23212
72365
96943
64178
88755
6837
47802
64189
6847
15040
39616
72384
6853
15045
31429
88775
72390
23240
47816
39625
56011
80590
96978
56023
31448
15067
88799
31458
6885
64233
72424
64238
88814
39667
6902
6904
31480
23289
56057
88827
6911
64258
80642
47877
80649
31497
15114
72461
97036
97038
56081
15122
88851
56084
64277
72471
64279
39705
97048
80667
31515
56091
88858
23329
56100
72485
56101
56102
88873
97064
47916
56109
80684
88880
23354
64322
88901
88900
23367
47945
39754
31563
47947
64331
56141
80716
15183
47952
23382
47963
23389
72540
39780
31589
47979
15215
7024
47984
15223
88950
31609
39801
97144
47997
7038
23422
80767
97151
23423
39809
23435
56205
64399
80789
64405
56215
48025
80797
23453
48030
64414
48034
48036
97189
23461
39845
64423
39849
39852
7087
39859
48052
97205
72631
89017
31673
89016
97211
15294
39872
56256
31681
39878
80839
31688
48073
72648
31690
64458
72651
48075
56269
23502
56270
31696
48082
15316
64468
56281
56282
72669
39905
97251
72674
31722
48108
7149
89072
48114
31731
31735
56318
72702
56322
7171
64516
64526
72723
7189
80918
15384
72730
7197
56351
89121
56356
31783
89129
72747
97327
72753
7217
48178
97331
56372
80949
97333
56376
64568
39993
89148
56384
64577
72768
31810
97347
89157
56390
23625
48204
48207
89166
80978
7252
23636
80987
72797
64607
89182
15457
72807
89191
48231
97384
97388
23662
15471
23663
56432
56433
64625
97399
23671
56439
64639
56448
64640
89217
7297
81024
97408
64644
7301
15495
48264
15500
48268
64652
56465
64661
89239
64665
89242
64668
97441
97444
56486
48300
23726
64686
48304
56499
23734
81078
40122
64700
40126
72895
40130
64706
31941
48327
7370
89294
23762
40147
48341
15575
97494
48346
64734
40159
89314
48357
56549
72932
7400
31978
40174
81134
31990
56568
97530
89342
32001
89344
64770
48388
89349
48389
48390
89350
81161
23818
56593
81168
81171
15635
89371
64795
40221
89374
89376
48421
32038
64806
48423
97574
56617
15660
32045
97584
89399
15674
97595
7489
32065
15687
23879
73033
97611
32078
73038
81230
15697
23889
56662
64854
89430
23896
56679
81256
73069
81262
81264
7538
7544
64891
81276
23936
23938
81284
15754
81293
81295
48527
89489
64913
48532
32154
23964
7583
89504
40356
15785
23980
73135
81327
97711
40367
56753
56754
73139
23987
56755
64948
15798
73142
15802
97723
56765
97726
7620
40390
81350
89546
40396
32207
40399
64975
24016
15830
56794
40415
40417
73184
73186
48612
64996
73189
64999
40424
97768
56810
73195
65003
97773
48621
32240
73201
7666
15858
56819
89589
89591
24055
7674
15866
24060
48640
32257
56835
65029
15880
24080
56849
32274
7699
15891
81426
40468
48665
89624
56859
97820
32287
40479
48673
32291
48679
40488
81448
56874
73259
89643
40491
7725
15920
40497
65073
89648
32310
48697
65084
15933
65085
73276
48702
56894
97854
7748
40518
7754
32330
24139
40528
40535
73302
7768
32346
7771
7772
89693
40542
73311
24160
97890
97893
7785
32364
48748
65133
81518
15984
81522
89714
65142
24186
15995
40573
97916
73346
16004
56965
56966
48775
24201
81547
48779
40590
56978
97941
32407
89762
40615
81582
97970
7861
97972
7863
81593
65210
7867
32446
81601
7873
89794
7884
32461
16086
98006
40664
57049
57053
24287
48863
32480
65250
48871
16106
65261
7918
48878
7923
65268
32506
65277
48911
65295
57105
73490
16149
89879
16151
73494
98073
48923
48925
32542
73505
65316
73509
7974
81702
24362
48940
73518
24372
40759
98104
16187
89923
98117
24389
98116
57158
24392
73547
16207
40783
73550
16210
40786
16213
57175
98137
73564
16228
81767
24423
98153
89970
98162
40825
65402
32635
49020
81795
40836
65412
65413
16262
8071
32649
98184
16268
73612
57230
8079
65423
24464
98195
8083
8088
65436
16286
40863
49057
16299
24493
40879
57263
32690
65461
73656
32699
8124
49091
40900
24518
98247
90054
98249
24521
16330
32716
65484
57294
32723
32728
98266
8157
81898
32750
49134
65520
57329
73712
65522
90103
32759
81910
40955
73725
24575
