1
513
2
514
515
7
519
522
523
13
15
18
531
21
533
534
535
26
539
540
31
33
545
34
551
552
41
553
554
44
46
560
562
564
53
565
566
567
57
570
63
64
585
74
586
587
77
78
79
81
595
596
599
88
600
601
602
603
93
94
95
608
99
613
614
103
615
616
620
622
112
113
628
631
632
633
125
127
128
129
641
130
642
134
143
144
658
147
662
151
663
664
154
666
156
670
671
160
674
678
167
679
682
171
172
684
685
174
178
696
698
192
704
706
195
709
201
715
716
717
718
212
216
217
729
730
220
736
738
229
231
743
232
233
235
747
243
755
757
758
759
761
251
766
767
257
769
770
260
776
777
778
268
783
784
273
785
280
283
795
796
285
797
287
288
289
805
806
807
812
304
305
820
821
822
317
318
830
831
832
321
833
834
324
326
327
840
841
334
851
340
852
855
856
345
857
858
348
349
865
867
868
357
869
870
871
878
881
884
373
889
890
894
897
898
899
389
390
904
905
906
395
396
397
910
911
400
402
409
921
411
412
413
925
416
422
428
941
431
432
433
947
949
438
950
952
441
953
442
957
959
449
450
451
963
964
453
455
464
978
982
984
475
988
480
482
483
995
487
999
490
491
494
499
500
502
508
