649.68,278.61,925.02,41.984,3198.4
646.77,284.45,926.8,42.889,3189.9
646.45,283.33,927.4,42.831,3190.7
654.58,275.86,929.55,42.376,3198.4
653.71,276.28,926.48,43.168,3198.9
652.19,281.36,930.67,43.163,3203.4
647.1,278.93,922.91,42.515,3176.4
648.63,279.19,925.86,43.148,3187.1
648.73,277.9,925.62,42.389,3186.4
646.99,277.16,921.79,43.274,3183.1
646.43,277,921.91,42.623,3178.3
646.18,276.95,920.05,42.082,3170.6
642.77,277.97,920.21,42.585,3174.9
648.17,277.01,924.19,42.687,3171.9
649.16,277.19,920.78,42.461,3176.4
646.82,278.16,921.11,41.68,3169.9
642.79,278.47,918.96,41.938,3168.1
642.56,278.28,916.83,42.822,3161.5
641.57,277.95,920.39,42.687,3169.1
640.39,278.55,914.38,41.562,3164.4
645.09,277.21,919.03,42.938,3169.6
642.99,277.84,917.28,42.016,3167.8
643.04,277.15,917.64,42.501,3164.8
643.63,276.84,918.19,42.135,3161.2
643.43,276.4,918.45,42.36,3163.7
643,275.87,917.9,42.009,3147.2
642.24,275.58,916.41,42.544,3158.5
648.34,276.7,922.01,42.768,3136.3
704.63,302.88,1002.3,44.575,3361.1
722.38,312.69,1030.5,45.792,3419
728.58,313.72,1035.9,46.063,3449.5
730.3,317.87,1041.7,46.399,3469.3
738.66,316.58,1048.8,46.931,3521.7
737.77,321.67,1052.5,47.239,3532.2
755.82,330.1,1079.5,48.415,3631.9
753.48,329.39,1076.1,48.959,3640.1
763.7,328.7,1085.9,47.853,3633.5
764.88,329.29,1087.3,48.344,3637.7
763.26,331.71,1089.6,48.606,3650.3
772,326.76,1091.5,49.28,3683.6
772.04,327.64,1092.7,49.09,3688.2
767.13,334.75,1094.5,49.43,3679.5
770.69,334,1095.4,49.414,3685.4
771.98,336.46,1100.6,49.422,3690.9
770.72,332.37,1094.6,49.138,3680.2
774.25,331.06,1099.4,49.307,3691.2
768.02,336.27,1096.4,50.115,3697.9
773.53,336.01,1102.7,49.657,3706.8
776.87,332.55,1103.4,49.661,3718.7
779.94,332.79,1105.4,49.858,3727.4
776.27,336.85,1106.3,49.556,3719.6
781.73,340.56,1115.8,49.389,3716.8
781.86,341.44,1117.1,50.414,3731.8
784.88,336.81,1114.2,49.333,3722.6
781.85,336.93,1112.1,50.358,3740.2
781.68,338.45,1112.5,50.398,3748.2
783.69,336.95,1114.2,49.695,3753.5
784.41,336.52,1113.8,49.601,3743.8
784.56,336.62,1113.8,49.521,3738.3
784.12,338.77,1116,50.214,3754
782.99,338.95,1115.4,50.096,3753.5
786.55,338.65,1117.5,50.344,3746.3
784.92,340.9,1118.5,50.567,3755
786.92,341.76,1122,50.556,3751.2
787.4,341.35,1123.9,49.914,3760.4
787.16,341,1123.3,50.345,3782.6
788.23,341.36,1123.2,50.723,3778.6
787.28,341.06,1122.2,50.772,3796.5
786.87,340.65,1119.9,51.178,3789.7
784.65,341.09,1120,50.297,3800.9
786.56,340.39,1120.7,50.849,3801.5
784.77,343.21,1120.8,50.969,3799.6
792.64,336.19,1123.1,51.225,3800.8
790.65,342.48,1126.2,50.714,3800.4
783.43,345.57,1122.4,51.03,3807.3
783.5,345.28,1123.2,50.909,3797.3
790.89,338.42,1122.1,50.796,3801.8
793.65,337.55,1124.8,50.814,3810.3
795.25,337.51,1127.3,50.346,3807.9
796.03,341.57,1128.4,50.912,3789.3
796.35,340.33,1129.8,50.627,3802.9
792.9,347.3,1132.2,50.719,3802.6
797.64,340.37,1131.1,51.181,3803.2
794.03,345.58,1134.1,50.859,3791.4
796.73,340.93,1129.8,51.032,3804.9
792.83,346.19,1132.9,51.908,3811.7
795.85,339.93,1127.2,51.432,3809.2
794.89,340.82,1129,51.219,3810.4
792.33,346.2,1130.7,51.164,3816
795.6,340.86,1130.1,50.874,3816.2
793.9,341.29,1130.3,51.107,3813.9
791.79,345.94,1132.1,51.408,3814.4
791.34,344.25,1129.4,51.217,3813.5
792.36,343.48,1128.7,51.049,3810.9
794.61,342.36,1131.8,50.273,3808.9
795.92,342.68,1131.1,50.508,3813.4
795.28,343.08,1130.1,51.026,3810.7
792.45,344.45,1129.8,51.001,3804.9
791.81,345.6,1130.2,50.816,3809.2
792.36,345.12,1129.1,50.714,3815.9
1594.5,343.29,1132.4,51.392,3797.7
1596.2,343.08,1132.9,51.161,3806.9
1596.3,344.98,1135.1,51.084,3814
1589.7,342.42,1130.5,51.509,3820.8
1597.1,345.98,1137.3,50.992,3814.6
1600.4,345.45,1138,51.055,3809.4
1592.4,344.22,1131.8,51.149,3823.7
1597.8,343.38,1134.8,50.713,3813.8
1598.8,343.93,1136,51.735,3816.6
1595.1,348.19,1136.6,51.485,3828.4
1604,342.9,1136.7,51.539,3824.2
1598.8,349.24,1140.2,51.243,3824
1605.2,343.7,1138.7,51.326,3833.9
1599.8,349.69,1141.7,51.103,3831.2
1605.8,344.13,1138.2,51.523,3834.6
1600.5,349.2,1140.2,51.164,3843
1609.2,344.03,1139.7,51.631,3841.9
1609.1,344.15,1141,51.882,3840.4
1603.5,350.17,1143,51.957,3841.9
1610.1,344.75,1141.7,51.778,3849.7
1609.6,344.75,1143.1,51.392,3846.5
1607.1,347.35,1141.7,51.524,3853.9
1604.5,349.02,1144,52.303,3857.3
1603.6,348.42,1140.3,51.597,3873.3
1605.8,345,1140.1,51.504,3867.3
1602.2,349.3,1141.1,51.361,3863.6
1607,345.1,1141.4,51.339,3862.8
1602.3,349.28,1141.7,51.272,3858
1604.2,348.63,1142.4,51.472,3866
1606.4,345.91,1141.4,51.478,3857.7
1604.4,348.33,1142.7,52.12,3856.8
1605.7,348.42,1144.4,52.161,3869.8
1605.9,348.17,1144.6,51.844,3864.7
1605.5,348.41,1143.4,51.392,3865.8
1604.9,348.08,1143.7,52.035,3875.5
1606.3,347.02,1140.5,52.014,3877.4
1605.9,347.31,1143,52.296,3878.3
1607.2,347.68,1143.3,52.353,3867
1608.9,347.77,1143.6,51.627,3874.3
1607.9,347.63,1145.4,51.839,3872.7
1607.5,347.52,1144.3,52.008,3878.5
1606.9,347.07,1143.3,51.653,3869.9
1605.5,346.74,1141.5,51.77,3866
1604.1,346.88,1140.8,51.574,3868.1
1605.4,346.77,1143,51.608,3860.1
1605.6,346.96,1142.3,51.617,3854.2
1605.5,347.23,1140.2,51.705,3866.6
1604,347.73,1142.8,51.861,3873.6
1613.6,345.69,1143.9,51.632,3885.8
1610.2,348.39,1146.5,51.445,3875
805.44,348.39,1146.2,52.179,3877.7
805.83,348.33,1142.8,51.648,3878.1
803.18,345.87,1143.5,52.006,3870.3
804.43,345.66,1142.2,51.425,3865.4
802.4,349.5,1143.8,51.31,3864
802.74,349.13,1144.1,51.66,3878.2
804.42,346.12,1144,51.877,3874.9
804.69,346.05,1143.2,51.702,3872.3
804.08,347.35,1144.6,51.725,3867.1
804.26,347.68,1144.7,51.409,3866
803.84,347.32,1144.3,51.562,3863.4
803.1,347.77,1143.1,51.527,3859.5
803.14,347.7,1143.3,51.727,3861.9
803.05,348.58,1144.6,51.615,3848.3
802.22,348.65,1143.6,51.79,3865.9
802.64,348.29,1145.1,51.564,3865.5
802.15,349.08,1146.2,51.429,3866.8
806.21,348.67,1147.4,51.684,3868.4
807.42,348.54,1147.3,51.871,3874.8
807.96,348.58,1147.7,52.13,3874.6
803.63,350.32,1147.3,51.81,3870.2
804.79,348.48,1145.6,51.772,3872.1
807.92,347.09,1148.2,52.011,3865.8
807.68,347.23,1146.6,52.022,3874.9
805.63,350.37,1147.5,52.249,3873.9
805.71,350.31,1149.4,51.898,3873.8
805.62,350.11,1149.3,52.042,3882.2
805.59,350.12,1148.9,51.497,3876.6
805.94,350.27,1148.7,52.497,3881.5
806.04,350.22,1147.7,51.989,3885.7
805.33,350.2,1148.7,52.441,3879.8
805.67,350.24,1148.6,52.069,3882.7
805.65,351.08,1150.5,52.366,3883
806.64,351.2,1151.7,52.105,3888.6
808.22,349.17,1151.2,51.938,3888.1
809.74,346.54,1148.2,51.962,3886.4
807.56,350.25,1150.7,52.07,3889.8
806.28,351.14,1149.5,52.125,3889
807.47,349.97,1148.7,52.255,3900.3
807.98,350.21,1151,52.032,3889.3
807.88,349.46,1149.5,52.473,3894.2
808.35,348.94,1149.3,52.357,3895
808.09,349.1,1150.5,52.127,3906.2
808.23,349.28,1150.4,52.25,3899.3
808.26,349.2,1149.4,52.773,3898.3
808.72,349.47,1151.4,52.651,3896.1
808.73,349.47,1149.2,52.632,3898.3
808.61,349.42,1151.6,51.703,3907.2
807.8,349.15,1149,51.937,3904.2
808.28,348.66,1151,51.879,3901.4
808.11,349.29,1149.5,51.919,3901.1
808.35,349.42,1151,51.917,3900.1
808.31,349.17,1149.4,51.584,3896.6
807.28,352.01,1152.3,51.485,3891.8
807.34,351.68,1150.7,51.72,3889.7
806.88,350.89,1149.3,52.25,3881.9
806.89,349.22,1150.2,51.423,3883.9
807.74,348.13,1147.4,52.203,3881.1
807.86,348.58,1150.1,51.868,3886.1
808.05,348.66,1149.4,51.854,3883.8
807.49,348.89,1148.5,52.336,3879.9
806.1,351.54,1149.4,52.369,3880.3
804.99,351.63,1148.1,51.967,3881.6
807.41,350.96,1150.8,51.585,3894.8
804.28,351.83,1149.8,52.092,3890.4
804.62,351.46,1149.7,51.612,3890.8
808.46,346.63,1147.8,51.762,3886
806.6,349.67,1150.2,52.049,3892.7
805.09,351.67,1150.8,52.11,3892.9
803.98,351.3,1147.8,52.09,3891.3
803.87,350.97,1148.3,51.304,3901.8
807.35,350.12,1149,52.05,3894.8
807.29,350.13,1149.6,51.954,3897.1
807.74,350.12,1150,52.527,3901
807.8,349.99,1150.5,52.264,3892.1
807.26,349.84,1149.9,52.473,3890.6
806.94,349.79,1149.5,52.58,3897.7
807.28,349.93,1149.6,51.8,3892.5
807.14,349.84,1148.1,51.93,3899.3
807.3,349.79,1150.1,51.904,3899.9
807.42,350.15,1150.3,52.259,3893.4
807.55,350.18,1150.2,52.637,3894.8
807.53,349.71,1150.5,51.791,3898
809.19,346.35,1147.6,52.033,3904.7
806.25,351.94,1149.9,52.028,3892.1
810.85,346.24,1149.4,52.429,3898
807.17,349.6,1148.8,51.861,3893.8
810.94,349.59,1152.9,52.25,3896.8
807.71,350.81,1150.2,52.279,3903.7
808.26,350.96,1150.6,52.235,3897.1
808.88,350.87,1152.7,52.216,3892.8
808.43,350.88,1151,52.778,3900.9
808.84,351.09,1152.3,52.386,3900.1
809.41,350.85,1152.5,52.155,3901.1
809.51,351.2,1152.8,51.856,3901.6
809.79,351,1153.7,52.421,3901.4
810.2,351.23,1153.6,52,3908.1
809.7,351.39,1155.1,52.183,3896.8
809.48,351.09,1153.6,52.526,3900.1
810.21,351.05,1154,52.156,3908
810.16,350.87,1152.3,51.897,3907.3
810.62,349.97,1153.8,52.161,3900.1
809.5,350.77,1152.4,52.671,3928.1
809.45,350.83,1150.9,52.505,3915.9
808.71,350.54,1152.3,52.097,3905.3
809.26,350.65,1151.1,52.148,3915.6
809.61,350.91,1153,52.06,3905.7
810.25,351.21,1155.3,52.171,3912.4
810.26,351.38,1152.8,52.003,3905.8
810.27,351.15,1155,52.246,3906.8
809.98,350.92,1153.9,52.043,3907.6
809.91,351.12,1153.3,52.836,3925.9
810.33,350.94,1154.6,52.357,3909.4
809.9,350.6,1153.3,52.282,3916
809.92,350.63,1152.5,51.79,3907.9
809.62,350.36,1153.1,52.628,3907.2
810.24,351.17,1152.8,51.894,3915.5
810.01,351.03,1153.8,53.003,3914.1
808.52,351.28,1152.9,52.659,3910.9
807.74,350.89,1151.3,52.688,3918.4
810.06,350.82,1153,52.214,3923.9
810.09,350.57,1151.6,52.265,3924.5
811,350.44,1154.1,51.884,3920.6
810.39,350.57,1153.1,52.149,3907
811.26,350.07,1153.6,52.571,3907
811.39,350.19,1154.1,52.518,3900.8
811.42,350.42,1155.4,52.429,3907.7
810.86,350.56,1154.2,52.527,3919
811.31,347.61,1151.8,52.088,3925.6
808.74,352.18,1153.8,52.622,3916.9
809.97,349.32,1151.1,51.993,3904.4
808.57,352,1153.5,52.608,3903.4
809.03,350.91,1151.8,52.21,3903.6
808.39,350.51,1152.7,52.457,3920
808.27,350.35,1149.7,52.466,3902
807.55,350.07,1150.4,52.536,3909.7
807.96,350.17,1149.6,52.111,3906.7
808.32,350.34,1150.9,51.93,3903
808.36,350.22,1150.5,51.978,3907.8
807.13,350.07,1149.8,52.011,3899.3
807.44,350.28,1151.2,52.103,3892.1
807.11,350.17,1150.4,51.992,3888.5
806.71,350.02,1149.9,52.576,3892.4
808.28,349.6,1150,52.218,3910.4
809.91,351.13,1153.4,52.493,3904.2
811.39,347.33,1151,52.16,3905.2
806.57,351.96,1151,51.69,3905.4
809.31,350.53,1151.5,51.853,3888.7
810.11,348.63,1149.5,52.488,3903.3
810.36,348.18,1151.8,52.333,3903.5
809.01,348.58,1150.7,52.359,3896.6
806.17,349.78,1149.6,51.887,3894.4
804.89,354.23,1152.4,52.401,3894
806.21,353.77,1152.7,52.296,3892.6
813.86,346.5,1154.2,51.886,3887.1
811.1,347.48,1150.1,52.047,3883.5
807.85,351.3,1151.9,51.886,3892.4
806.96,353.35,1151.7,52.477,3888.6
814.5,345.91,1153.7,52.342,3901.9
809.3,353,1153,51.62,3894.7
806.78,352.77,1150.4,52.196,3897.1
806.86,352.19,1150.7,51.934,3901.7
811.02,350.39,1154.2,52.602,3901.7
808.03,351.73,1150,52.186,3892.4
809.03,351.93,1151.7,51.963,3888.4
811.47,348.78,1152.8,51.704,3889.7
811.97,348.95,1153.9,52.296,3884.4
808.7,353.66,1156.3,53.051,3899.2
811.96,347.52,1152.9,52.648,3891.9
809.4,352.88,1153.1,52.408,3894.5
809.06,352.56,1152.8,52.357,3908
810.94,348.94,1152.4,52.277,3901
811.53,349.51,1153,52.119,3897.6
811.51,349.99,1154.1,51.998,3910.9
811.87,349.84,1153.9,52.023,3892
811.46,350.13,1153.2,52.213,3895.4
810.58,349.93,1153.8,52.395,3893
810.61,349.85,1152.3,52.143,3896.5
807.75,353.6,1154.3,51.93,3899.1
810.76,348.74,1151.9,52.566,3896.9
811.38,349.77,1153.1,51.934,3903.1
810.46,351,1155.2,51.927,3900.5
810.8,350.81,1153.5,52.267,3903.8
810.75,350.99,1153.5,52.292,3910.9
810.79,350.91,1153.8,52.08,3921.3
810.65,350.85,1153.6,52.333,3911
810.39,350.98,1154.4,52.588,3905.7
810.89,351.13,1153.2,52.389,3911.9
811.16,350.42,1152.9,52.465,3917.7
811.26,350.58,1153.6,52.208,3911.5
811.13,350.55,1153.1,52.006,3914
811.41,350.14,1153.3,52.352,3904.5
812.22,348.34,1151,52.051,3906
812.62,348.64,1152.4,51.946,3901.2
812.61,348.99,1154.9,51.744,3909.1
811.69,350.08,1153.7,52.424,3909.7
811.94,349.58,1153.5,51.928,3908.7
805.45,349.77,1145.4,51.894,3871
745.06,320.55,1060.5,49.403,3643.5
665.58,283.19,943.26,42.908,3252.5
663.71,282.77,944.01,43.636,3253
659,284.01,936.96,43.282,3226.6
651.43,278.61,924.32,42.812,3201.4
637.01,271.01,902.47,42.107,3114
632.71,275.44,905.32,41.889,3083.9
629.85,274.22,901.02,41.511,3104.8
629.13,268.36,893.52,41.156,3087.1
630.18,268.36,894.06,42.176,3074.5
622.08,270.24,888.1,41.155,3071.7
620.3,268.66,884.84,40.97,3051.7
616.98,268.31,880.54,41.509,3055.8
624.52,266.99,889.67,41.455,3057.4
623.34,264.18,884.28,41.201,3032.7
617.16,262.15,874.87,40.386,3028.4
615.34,262.13,872.67,40.052,3003.6
615.05,266.74,876.91,40.341,2997
616.16,266.58,877.4,39.801,2977.6
615.09,260.57,871.06,40.349,2995.1
607.77,261.72,865.82,39.501,2987.9
609.35,264.4,868.18,39.678,2986.5
604.95,259.26,869.38,40.059,2960.9
604.58,262.47,873.01,39.272,2957.9
600.02,255.46,861.28,40.163,2973.2
601.1,255.29,861.16,39.72,2959.7
597.27,256.35,861.06,39.426,2952.7
595.31,257.29,860.63,39.376,2941.5
600.69,253.49,863.36,39.567,2933.8
600.93,252.98,860.61,38.488,2931.4
599.93,253.27,860.09,38.889,2937.6
591.64,253.6,852.66,38.624,2934.9
590.81,254.05,851.26,39.57,2926.1
591.77,251.81,851.5,38.948,2925.2
589.53,256.18,852.15,38.437,2908.9
589.88,256.19,852.38,38.942,2901.7
592.23,250.42,849.19,39.094,2908.1
592.69,250.2,852.28,38.949,2910.4
592.28,251.14,852.43,39.03,2918.9
592.54,252.02,852.72,39.636,2924
592.48,252.27,851.73,39.065,2925.5
585.55,249.8,845.54,39.298,2913.2
588.67,249.42,845.69,38.592,2906.4
584.63,249.77,844.12,39.661,2910.7
584.9,248.2,841.29,39.349,2899.4
583.64,247.71,839.47,39.21,2899.4
579.99,253.23,840.53,38.63,2896.4
582.21,247.49,839.04,39.105,2877.8
582.75,247.56,839.32,37.989,2875.8
583.39,247.54,840.14,39.158,2869.3
583.63,248.08,840.83,38.158,2868.4
583.5,247.85,840.82,38.272,2872.7
578.95,498.97,838.78,38.04,2859.9
577.95,500.34,837.47,37.688,2856.8
582.23,498.55,841.93,37.889,2855.5
582.72,498.49,841.48,38.385,2857
582.85,500.01,840.25,38.171,2865.3
582.58,499.82,842.6,38.627,2868.1
583.33,500.37,841.44,38.471,2855.4
581.34,493.63,837.51,38.793,2859.3
581.12,495.51,836.85,38.744,2864.6
580.74,496.28,838.37,37.845,2859.1
580.79,497.02,838.61,38.255,2856.6
580.59,496.49,838.28,37.663,2858.2
579.83,496.15,837.61,39.008,2851.5
579.51,495.84,838.01,38.599,2856.5
577.69,503.28,838.9,38.335,2853.4
577.56,502.14,837,37.282,2857.8
580.08,492.74,836.33,38.323,2855
579.78,493.24,836.3,38.423,2848.2
577.06,502.75,839.1,37.613,2846.7
579.75,491.75,834.12,37.68,2851.2
577.32,501.74,838.75,38.211,2857.6
577.62,498.77,836.67,38.562,2852
579.02,493.57,835.92,38.81,2860.5
579.31,493.95,835.77,38.381,2857.6
577.28,504.32,837.82,37.47,2859.5
579.77,491.65,836.05,37.868,2850.4
580.25,491.05,835.24,38.028,2839.9
577.51,505.2,838.67,38.131,2838
580.39,491.47,835.64,38.717,2837.4
580.14,495.46,838.94,37.853,2853.2
578.13,505.5,839.52,38.026,2836
579.23,505.18,841.6,38.26,2845.5
581.95,495.16,837.63,37.508,2848.4
581.75,493.79,839.22,38.379,2853.7
579.05,507.26,840.61,37.993,2850.5
582.45,493.39,835.29,38.119,2837.1
579.82,505,840.75,37.766,2844.9
579.38,504.13,840.08,38.549,2841
581.6,492.72,836.64,37.802,2856.4
577.52,507.62,841.85,37.417,2839.9
576.7,509.34,840.4,37.594,2841.7
576.69,508.83,839.07,37.298,2843.9
574.88,510.63,840.04,37.247,2842.8
585.9,495.52,841.79,37.462,2838.1
585.27,505.84,847.64,37.677,2843.7
582.64,506.96,843.4,38.019,2845.2
586.6,504.98,847.45,37.895,2854.9
582.51,507.48,844.21,38.742,2840.2
582.65,507.81,844.89,38.262,2846.3
587.68,509.76,849.12,38.577,2843.7
590.33,254.79,853.67,37.875,2855.4
592.03,254.56,851.61,38.428,2851.1
592.66,254.63,854.48,37.577,2860.6
593.05,256.2,856.29,38.771,2856.6
592.35,256.39,855.32,38.357,2867.6
590.64,256.7,853.29,37.891,2869.9
594.47,255.33,856.92,38.232,2870.5
595.14,255.15,858.74,39.087,2880.7
598.61,251.54,858.12,39.068,2893.1
589.8,257.62,854.8,38.959,2888.7
594.65,256.91,858.23,39.056,2912.1
592.86,258.7,860.17,38.987,2908.8
599.53,257.76,864.7,38.996,2911.5
597.26,258.73,864.56,39.113,2914.6
597.44,259.04,864.31,38.599,2916.9
597.57,258.57,863.4,39.425,2937.2
597.38,258.46,864.3,39.528,2929.5
597.11,258.54,862.39,38.905,2935.6
597.36,258.16,862.78,39.003,2927.6
596.44,258.31,864.01,39.247,2936.5
596.79,258.29,862.21,39.606,2931.6
601.85,256.63,864.31,39.023,2937.7
595.42,257.17,859.09,39.388,2931.1
592.89,263.69,865.49,39.031,2932.3
602,255.35,864.72,38.896,2923.5
599.11,261.68,867.2,39.439,2925.6
604.53,256.99,869.12,39.164,2925.5
601.02,263.05,870.36,39.334,2929.8
604.07,256.89,868.01,38.85,2923.6
601.1,264.84,871.52,39.049,2923.7
601.52,259.27,867.45,39.431,2922.9
606.61,258.86,873.75,39.8,2931.1
601.96,268.08,877.95,39.453,2951.4
606.89,260.77,873.79,39.387,2960.3
611.73,265.96,882.32,39.472,2956.6
606.53,260.35,873.99,39.447,2957.3
603.67,265.89,878.14,39.546,2951.2
609.47,259.45,874.86,38.803,2964.5
604.74,266.57,878.44,39.168,2979.3
614.27,262.96,881.99,39.37,2968.9
616.91,266.62,889.02,39.599,2986
616.24,267.66,888.7,40.34,2983.5
615.31,265.15,887.81,40.513,2978.3
616.26,268.62,888.37,39.339,2979.9
622.58,264.77,893.6,40.138,2984.4
617.71,272.13,896.02,39.713,2978
619.54,269.75,895.56,40.464,2993.7
618.9,271.04,895.66,39.705,3003.1
620.58,266.56,894.51,40.752,3004.7
629.41,271.4,895.98,39.893,3033.4
631.23,267.88,894.83,40.168,3020.5
622.18,274.72,893.45,40.045,3003.9
626.71,270.73,892.49,39.461,3014.4
638.13,272.6,904.63,40.299,3035
640.73,277.73,911.85,40.828,3036.1
643.75,275.46,915.6,40.542,3062.3
649.86,281.4,927.73,41.265,3071
650,284.09,926.91,41.988,3105.4
652.97,277.07,923.99,41.942,3117.1
658.17,281.96,934.96,41.869,3116
658.17,275.71,927.01,41.669,3123.3
661.98,279.64,937.14,42.04,3115.7
656.23,281.6,931.27,41.765,3137
658.61,286.34,932.91,42.03,3139.2
658.63,286.11,939.15,41.869,3136.2
658.55,284.59,936.01,42.323,3136.8
659.2,284.55,936.25,42.783,3136.9
661.78,288.99,944.05,41.77,3163.9
668.95,282.21,944.42,42.119,3161.2
665.97,289.27,951.08,42.413,3163.4
664,290.66,951.04,43.038,3176.6
666.63,291.32,952.31,43.329,3195.9
667.53,291.59,953.91,43.778,3192.7
668.87,291.8,953.78,43.163,3197.1
666.94,290.48,952.58,42.313,3198.3
665.13,297.9,958.2,43.543,3228.2
671.58,294.21,960.33,42.451,3219.3
672.86,294.55,959.01,42.97,3208.8
675.38,290.57,961.15,43.144,3210
686.09,294.65,974.12,43.242,3228.5
682.56,296.27,973.04,42.934,3230.6
681.27,297.96,974.3,43.462,3230.6
687.58,291.57,975.47,43.819,3231.9
686.97,297.29,979.06,43.611,3242.3
689.7,291.6,975.39,44.054,3249.2
689.86,298.47,982.8,44.088,3288
688.03,299.63,981.69,43.191,3287.2
690.34,298.81,983.11,43.287,3270.8
691.08,296.91,982.87,43.349,3271
701.37,298.32,993.54,43.619,3309.5
701.39,302.96,999.62,44.405,3303.3
698.59,299.34,991.89,43.934,3302.3
696.54,304.27,994.61,44.827,3294
696.23,297.81,989.35,43.984,3303.8
698.61,302.2,994.66,44.37,3343.1
698.96,303.25,997.67,45.369,3329.2
705.45,302.61,1003.6,44.223,3330
704.14,305.34,1004.9,44.804,3331.5
704.99,305.17,1003.8,44.845,3331.3
708.51,303.22,1004.5,44.549,3348.2
704.29,305.27,1001.9,45.047,3369.3
704.71,307.42,1007.4,45.078,3357.6
704.25,309.11,1009,44.733,3362.4
704.2,309.08,1009.1,45.195,3365.2
705.45,308.47,1009.2,45.116,3366.5
710.13,307.07,1008.7,45.29,3361.9
711.29,306.07,1012.2,45.916,3390.8
714.9,304.81,1014,45.712,3401.8
713.71,311.95,1020.5,46.014,3394.2
718.81,305.75,1019,45.21,3390.8
713.27,313.78,1022.4,45.746,3417.8
715.35,307.6,1018,45.357,3423.5
713.78,310.49,1018.1,45.55,3423.3
718.98,308.24,1022.1,45.866,3420.7
711.81,313.97,1019.9,45.663,3420.4
720.88,305.52,1021.9,46.2,3418.9
719.9,311.9,1027.2,45.987,3443
721.59,312.97,1028.9,46.358,3443.9
720.47,315.73,1031.9,46.354,3437.4
725.44,310.54,1031.5,45.996,3440.6
722.28,317.35,1034.1,46.645,3448.6
726.04,310.63,1031.6,46.296,3446.7
723.29,314.65,1032.3,46.424,3459.8
722.86,314.58,1032.2,46.179,3462.2
725.06,313.95,1032.8,46.147,3456.3
723.73,313.48,1031,46.622,3455.1
726.03,311.11,1030.6,46.9,3464.1
726.64,311.98,1031.8,46.458,3480.6
725.23,315.64,1033,45.477,3486.7
726.64,316.15,1035.7,47.161,3471.6
725.84,317.17,1034,46.481,3481.1
730.47,311.44,1036.8,46.31,3482.3
730.03,316.96,1039.3,46.349,3485.6
733.36,316.06,1043,46.905,3494.1
735.81,315.95,1045.6,46.532,3482.9
735.87,317.24,1046.2,46.282,3483.5
732.71,317.95,1045.2,46.601,3496.4
732.84,317.89,1045.5,46.616,3495.6
737.21,316.62,1046.1,47.532,3504.9
736.74,318.89,1047.9,46.908,3515.5
739.04,317.14,1050.6,47.036,3515
739.36,317.72,1051.4,46.441,3509.9
736.13,321.41,1049.2,47.517,3512.6
736.95,315.99,1046.3,47.316,3506.1
741.49,317.24,1053.4,46.678,3537.8
739.23,316.17,1049.8,47.585,3529.7
738.86,322.2,1053.7,47.524,3522.1
741.32,323.35,1061,47.954,3537.6
746.13,319.21,1060.7,47.639,3536.7
747.52,323.69,1063.1,47.918,3549.7
745.77,323.49,1062.3,47.874,3558.6
747.72,319.75,1062.1,47.83,3553.7
746.65,320,1059.8,47.691,3550.2
745.93,323.91,1062.2,46.963,3555.3
748.42,318.37,1060.1,47.673,3549.3
742.65,325.36,1062.9,47.271,3570.4
746.53,318.92,1059.4,47.375,3556.4
746.02,323.9,1063.9,48.029,3557.2
749.27,320.7,1061,48.168,3554.5
752.79,322.77,1066.9,46.904,3562.1
751.62,324.7,1069.5,48.361,3566.4
755.96,324.37,1072.4,47.594,3575.8
755.87,327.96,1074.6,47.986,3574
757.03,325.36,1073.5,47.93,3582.8
756.47,323.61,1075,47.801,3588.2
750.96,324,1067.8,47.601,3581.5
753.95,327.13,1071.9,48.562,3589.4
752.96,326.75,1072.4,48.361,3603.3
756.29,325.81,1074.8,47.892,3599.3
751.9,327,1073.1,48.085,3600.8
753.53,327.14,1075.9,48.571,3607.2
753.07,328.61,1075.4,48.587,3604.5
755.94,328.59,1077.6,48.618,3631.3
754.63,331.56,1080.8,48.63,3629.3
756.9,330.16,1079.2,48.543,3621
760.58,327.22,1080.5,48.723,3634.5
760.37,327.2,1079.6,48.563,3617.4
759.88,331.71,1084.5,48.182,3623.9
761.03,329.96,1083.9,48.707,3632.7
759.99,330.31,1082.4,48.864,3632
761.97,325.72,1080.1,48.738,3640.5
758.47,332,1081.9,48.449,3636.8
761.89,325.84,1080.8,48.806,3639.4
761.87,330.4,1083.9,49.16,3637
759.6,331.19,1081.6,48.522,3664.8
765.83,329.84,1086.7,48.951,3658.5
767.76,330.62,1091.1,48.882,3646.2
767.84,330.89,1090.2,49.348,3656.1
767.16,330.39,1091.6,48.797,3650.9
766.47,330.46,1088.9,49.49,3667.3
764.21,331.29,1088.4,49.217,3661.9
763.79,333.61,1088.2,49.012,3665.9
765.46,331.98,1090,48.901,3675.8
763.95,331.61,1087.6,48.986,3681.7
762.52,330.72,1086.2,48.906,3682
767.77,330.02,1090.1,49.501,3694.9
765.74,333.28,1091.2,49.092,3685.7
771.17,328.28,1091.7,49.289,3680.3
766.52,334,1093.4,49.335,3689
768.43,330.25,1089.9,48.898,3689
772.94,333.16,1098.1,49.592,3693.9
775.03,328.91,1096.7,49.461,3695.2
769.97,334.63,1097.7,49.716,3697.9
773.06,332.33,1098.5,49.116,3685.1
770.55,337.66,1101.1,49.424,3682.7
774.06,331.98,1098.6,49.606,3690.2
775.54,333.9,1102.5,49.593,3691.8
771.11,332.66,1096.3,50.096,3691.5
773.21,333.06,1098.3,49.144,3701.2
772.09,333.15,1098.7,49.759,3703.8
768.68,338.16,1096.5,49.466,3708.7
768.55,336.95,1099.2,50.066,3720.9
769.64,336.6,1099.9,50.033,3721.9
775.48,335.61,1105.5,49.28,3709.4
778.87,334.29,1106,49.575,3711.1
774.76,335.76,1104.4,49.772,3709.2
777.42,333.3,1103.4,49.446,3704.7
776.03,337.9,1105.9,50.35,3723.2
778.92,333.09,1104.4,49.83,3725.3
778.1,337.6,1109.2,49.739,3717.3
779.99,331.82,1103.7,50.523,3727.9
776.49,336.7,1107.7,49.42,3718.2
775.91,336.36,1105.1,49.813,3719.7
778.58,332.69,1104,49.772,3732.9
777.59,332.4,1103.1,49.831,3731.1
774.92,336,1103.1,50.004,3727.4
775.06,335.86,1104.1,49.767,3727
774.26,335.9,1104,49.966,3729.1
773.75,335.54,1102.4,49.332,3725.2
772.78,335.75,1099.9,49.937,3728
777.93,335.36,1103.9,49.598,3730.2
779.86,336.21,1108.3,49.626,3727.3
777.51,337.95,1107.3,49.625,3723.6
779.19,337.82,1109.6,49.653,3716.6
778.6,336.81,1107.6,49.475,3727.6
779.52,336.91,1109.3,49.616,3733.2
778.76,336.82,1107.4,50.509,3729.9
778.62,336.69,1106.8,50.152,3732
778.51,336.33,1109.1,49.732,3728.8
778.82,336.97,1109.4,50.136,3735.3
779,336.95,1106.4,50.725,3738.5
784.37,334.77,1110.9,49.998,3741
782.73,333.81,1107.7,49.468,3735.3
779.83,338.33,1110.5,49.741,3737.6
778.42,337.89,1109.8,50.289,3735.9
778.93,337.65,1110.1,50.374,3731.9
782.27,336.81,1111.2,49.883,3733.4
781.34,339.09,1112.1,50.103,3725.9
778.13,340.52,1112.8,50.377,3729.3
780.75,340.46,1113.9,50.508,3742.8
784.44,338.48,3346.4,50.013,3749.5
786.24,338.66,3356.2,50.192,3754
787.4,339.1,3361.7,49.907,3758.9
787.52,340.8,3361.2,50.006,3757.6
788.18,341.19,3369.2,50.229,3754.1
788.13,341.1,3367.1,50.318,3765.9
787.94,340.27,3360.6,50.946,3756.1
786.93,339.91,3360.9,51.084,3780.3
786.48,339.8,3355.9,49.606,3774.3
786.13,339.55,3353.3,50.224,3774.8
786.48,339.37,3353.9,50.34,3775.2
786.16,339.56,3358.7,50.075,3770
785.5,339.25,3360.7,50.998,3777.6
785.27,339.15,3353.2,50.9,3779.1
784.76,339.07,3349.4,50.473,3776.4
781.34,341.67,3345.1,50.912,3774.6
786.04,339.8,3355.3,50.707,3774.7
787.94,339.13,3357.8,50.448,3774.7
789.79,339.11,3360.8,50.09,3787.4
789.67,340.39,3367.6,50.459,3782.5
787.26,341.1,3368.5,50.648,3787
788.51,341.12,3363.8,50.089,3777.8
787.6,340.74,3363.1,50.591,3790.4
788.26,341.37,3365.5,50.005,3786.1
789.57,342.01,3374.8,50.41,3791.1
791.03,342.76,3379.9,50.58,3773.5
792.43,342.96,3387,50.6,3780.7
792.52,342.97,3382.9,50.592,3781
792.84,343.41,3386.8,51.697,3781.9
792.38,343.38,3386.2,51.356,3782.5
794.93,339.45,3384.7,50.875,3797.4
793.28,341.61,3382.5,51.34,3799.4
791.73,342.51,3382.7,51.712,3800.5
791.63,342.22,3380.6,50.955,3806.2
790.88,342.35,3377.6,50.643,3806.4
791.07,342,3374.4,51.008,3805.4
790.17,341.83,3373.6,51.13,3798.2
789.68,341.67,3373,50.873,3801.4
789.26,341.45,3364.3,50.784,3804.7
788.46,342.54,3366.8,50.636,3798.7
787.9,342.59,3367.2,50.648,3796.5
791.65,341.12,3375.1,50.109,3801.6
792.06,341.07,3375.2,50.996,3805.6
793.2,340.17,3373.6,50.499,3799.2
793.33,340.36,3380.1,50.657,3804.6
793.61,342.74,3384.6,50.802,3796.1
790.18,341.83,3375.1,51.396,3799.6
790.11,346.44,3383.6,51.171,3805.4
794.64,339.9,3387.8,50.734,3806.7
793.47,345.44,3391.1,50.491,3812.5
792.99,345.34,1131.1,50.561,3797.1
799.39,339.47,1130.8,51.162,3817.8
794.54,345.83,1131.6,50.716,3808.5
797.06,340.57,1131.8,51.051,3803.1
794.54,346.4,1133.5,51.128,3814.6
797.1,340.34,1127.6,50.892,3817.4
794.16,346.16,1132.5,50.926,3808
794.88,345.32,1131.5,50.688,3821.5
793.34,346.06,1130.5,51.073,3810.7
797.66,344.56,1133.1,51.626,3809.5
798.58,344.24,1132.9,50.894,3817.7
793.24,345.97,1131.7,50.763,3819.6
794.9,345.93,1131.4,51.378,3818
795.53,346.03,1134.4,51.311,3821.7
796.4,346.01,1133.9,51.132,3831.5
796.58,345.88,1133.4,51.344,3817.9
796.93,345.98,1134.7,51.363,3825.6
797.6,346.43,1135.3,51.16,3826.5
798.12,346.63,1136.3,51.419,3827.5
798.8,346.55,1137.3,51.929,3827
799.27,347.26,1137.5,50.868,3824.1
802.61,341.9,1136.6,51.231,3831.3
799.75,347.71,1138.7,50.995,3838.2
800.32,347.09,1138.5,51.313,3832.5
803.3,341.96,1135.5,51.768,3830.8
799.78,347.77,1139.3,51.579,3835.3
801.53,345.4,1137.8,52.015,3824.1
802.01,343.44,1137.5,51.881,3842.5
802.12,343.44,1137.6,52.201,3844.2
801.55,343.26,1137.5,51.231,3843.3
801.41,343.89,1137.3,51.593,3851.1
798.08,347.92,1138.3,51.742,3848.3
799.12,346.65,1137.1,51.771,3860.3
800.23,343.09,1134,51.787,3848.8
797.38,348.73,1137.1,51.427,3861.1
800.01,342.91,1134.6,51.684,3854.7
797.35,348.4,1135.6,51.373,3841.7
803.24,341.49,1136.3,51.363,3851.7
795.44,347.59,1134.8,51.436,3855.6
796.43,343.47,1131.6,51.639,3853.3
796.9,343.98,1131.5,51.11,3857.2
795.89,344.27,1133.7,50.848,3851.9
794.38,347.84,1133.3,51.053,3849.7
794.72,347.45,1134.9,51.343,3846.5
797.94,348.06,1138.9,51.788,3848.3
800.45,348.49,1139.8,51.486,3847.8
805.16,347.67,1144.9,51.663,3854.7
804.19,346.59,1142.3,51.914,3859.9
805.76,346.56,1144.3,51.675,3846.5
805.97,346.59,1142.4,51.259,3861.6
805.33,346.22,1143.8,51.117,3853.4
803.95,345.76,1141.7,51.308,3848.3
803.05,345.69,1141.1,51.897,3859.3
800.85,348.31,1140.1,51.659,3861.9
802.1,347.45,1141.9,52.033,3861
802.08,347.44,1142.6,51.946,3867
801.81,347.65,1141.8,51.872,3864.5
801.59,348.15,1141.3,51.754,3864.7
800.54,348.02,1139.4,50.976,3859.7
802.68,344.32,1141.1,51.493,3859.8
802.6,345.51,1139.9,51.45,3860.4
800.45,348.56,1139.8,51.779,3860.8
801.97,345.18,1140.7,51.277,3858
802.27,345.19,1137.5,51.703,3861.8
800.93,345.79,1139.3,51.503,3856.9
799.82,348.92,1140.4,51.381,3847.6
798.44,348.96,1142.3,51.721,3859.2
801.1,345.55,1139.8,52.129,3859.9
798.1,349.98,1139.9,52.249,3868.1
799.16,349.72,1141.4,51.534,3859.6
800.56,349.86,1143.1,52.144,3862.2
801.74,349.46,1143.8,51.804,3869.7
805.76,348.67,1147.3,51.708,3883.1
805.62,348.87,1147.1,51.726,3875.3
805.13,347.89,1145.4,51.554,3869.4
804.96,347.96,1145.3,51.914,3866.5
804.68,347.86,1145.5,51.265,3859.9
803.72,347.7,1144.1,51.484,3865.8
804.35,348.1,1145.4,51.777,3863.2
804.61,348.24,1146.3,52.121,3872
803.91,348.62,1146,51.778,3860.2
803.3,348.9,1144.1,51.738,3872.1
803.31,349,1143.1,52.159,3868.3
807.54,347.46,1147.5,51.572,3870.9
803.22,348.84,1144.5,51.795,3867.3
805.39,348.43,1147.9,52.098,3868.2
806.83,348.17,1147.7,52.091,3864.5
806.19,348.3,1148.4,51.722,3869.1
804.98,349.84,1146.5,51.799,3870.7
802.76,351.11,1146,52.074,3868.3
806.43,349.86,1148.7,52.14,3873.7
802.8,350.93,1146.9,52.086,3867.4
806.25,349.64,1148.1,51.75,3860.3
808.3,346.33,1147.6,52.327,3874.9
805.6,348.67,1147.9,52.13,3877.5
804.69,349.89,1145.9,52.112,3884.1
804.94,349.56,1146.6,52.016,3885.1
805.42,349.73,1148.1,52.302,3888.4
805.45,349.69,1148.1,52.166,3887.7
805.13,349.86,1148.7,52.268,3888.2
806.1,349.67,1147.2,51.969,3886.4
806.55,349.81,1147.9,51.735,3895.9
807.06,349.39,1148.6,52.241,3889.8
806.5,348.94,1149.3,51.647,3888
807.43,348.89,1147.9,52.123,3892.3
807.33,348.99,1148.5,51.758,3885.8
807.58,348.74,1148.3,51.755,3884.2
807.72,348.86,1150.1,51.872,3880.7
807.2,348.65,1149,52.446,3886.4
807.41,348.56,1149.4,51.878,3889.2
808.27,348.31,1150.4,51.887,3890.6
808.04,348.23,1149.1,52.022,3887.8
806.98,348.24,1150.2,52.324,3892.8
807.75,348.72,1149.2,51.448,3892.5
808.38,348.93,1147.9,52.264,3898
807.59,349.5,1148.3,52.002,3893.5
807.32,349.42,1149.4,52.453,3888.6
807.01,349.38,1148.6,51.984,3891
807.24,349.38,1149.4,52.077,3901.1
806.36,350.03,1149.6,52.389,3885.8
806.56,349.97,1148.2,52.467,3897.3
806.85,349.95,1151.1,52.197,3887
806.88,349.87,1149.3,52.085,3891.9
806.52,349.29,1148.6,51.902,3887.3
806.26,349.22,1148,52.209,3895.8
806.11,348.88,1148.1,52.311,3902.9
805.93,348.92,1147.3,51.527,3899.4
806.28,348.08,1147.9,51.68,3907.1
806.5,347.7,1147.1,51.639,3898.4
805.85,347.52,1145.3,52.026,3903.7
805.65,347.31,1145.7,51.527,3882.6
805.55,347.29,1146.3,52.32,3892.2
805.16,347.2,1145.8,51.494,3890.2
804.83,347.64,1144.8,52.048,3882.6
804.33,349.21,1146.1,52.032,3884
805.32,349.71,1147.6,52.107,3880.6
806.28,350.22,1148,52.121,3892
807,350.37,1149.7,51.933,3882.7
806.92,350.48,1150.3,51.703,3890.1
806.81,350.33,1150.7,52.253,3885.4
808.02,349.99,1150.6,51.841,3891.4
808.67,349.58,1153.5,52.004,3893
807.53,350.35,1149.8,52.617,3874.1
807.3,350.85,1150.9,52.033,3889
809.41,346.01,1149.4,52.206,3885
807.5,349.94,1151,52.084,3886
806.91,349.96,1150.4,52.67,3889.2
807.63,348.9,1149.7,52.038,3900.8
808.26,348.71,1149.8,52.05,3890.9
808.35,348.84,1150.2,51.885,3898.2
808.86,349.13,1150.2,52.105,3892.8
808.37,348.88,1149.3,52.167,3883.8
808.18,348.86,1151.1,52.31,3886.9
807.82,348.88,1151.2,52.206,3886.4
807.56,348.63,1150.3,51.755,3885
807.64,348.77,1148.8,51.713,3884.9
808.27,348.79,1151,51.971,3891.4
807.85,348.85,1149.7,51.996,3891.4
808.09,348.86,1150.4,51.467,3888
807.68,348.65,1148,51.961,3880.2
807.35,348.44,1148.9,51.695,3882.4
806.29,348.82,1148.8,51.58,3882
806.49,348.96,1148.8,52.171,3874.1
807.22,348.92,1149.1,52.073,3878.9
806.83,349.09,1149.8,52.36,3881.8
807.08,349.08,1147.9,51.959,3888
805.11,352.24,1149.8,51.677,3893.1
807.86,346.3,1146.3,52.24,3884.3
805.74,350.83,1148,51.596,3882.2
805.54,350.71,1148.5,52.18,3883.8
805.36,350.59,1147.9,52.047,3879
806.86,348.64,1148.1,51.715,3872.9
807.26,347.91,1146.2,52.292,3872.9
806.65,347.99,1147.8,52.01,3878.7
806.52,348.06,1148.7,52.406,3876.4
806.33,348.76,1147.3,52.103,3883.4
805.63,350.68,1149.4,52.135,3892.4
805.13,350.94,1148.9,52.382,3890.3
805.29,351.08,1149.7,52.319,3897.3
805.28,350.65,1146.8,51.125,3898.2
806.07,348.21,1147.4,51.766,3887.3
807.89,346.19,1147.7,52.291,3885.5
805.27,350.69,1149.2,51.865,3887
805.82,350.21,1149.5,52.619,3880
807.54,347.03,1148.9,52.495,3877.8
808.13,347.27,1147.3,52.455,3891.3
807.51,347.87,1147.4,52.565,3883.6
807.42,347.98,1146.2,52.379,3892.7
807.09,348.24,1147.4,51.797,3885.3
804.81,351.41,1149.4,52.07,3886.7
807.23,347.92,1148,52.253,3893.9
807.55,347.81,1149,52.081,3886.8
807.66,347.9,1148.4,51.723,3892.9
807.08,347.87,1148.7,51.93,3890
806.71,348.99,1147.9,51.991,3890.8
805.75,350.96,1149.3,52.381,3893.2
805.24,350.64,1148.9,51.644,3885.1
805.55,350.07,1148.1,52.013,3884
805.49,350.05,1147.6,52.118,3886
805.82,349.55,1148.7,51.739,3892.2
807.06,346.89,1146.7,52.068,3887
807.24,346.69,1146.8,52.014,3881.5
806.26,346.89,1146.2,52.132,3892.6
806.75,346.98,1146.2,52.327,3894
805.06,349.87,1145.9,52.613,3892.5
804,351.4,1148.9,51.825,3904.4
807.05,346.78,1145.7,51.915,3897.3
805.65,348.85,1147.1,52.095,3892.4
804.17,351.64,1149.1,52.108,3897.6
805.81,348.45,1147.2,52.154,3884.6
806.64,347.55,1145.5,52.515,3895.7
805.45,349.71,1147.6,52.089,3883.2
805.06,349.91,1147.9,52.107,3883.8
805.7,349.92,1147,52.069,3884.4
805.69,349.86,1148.8,51.641,3889.4
805.22,349.99,1148.2,52.361,3879.5
805.36,349.93,1147.1,51.583,3869.1
805.06,349.76,1148.4,52.355,3882.3
805.7,349.93,1148.4,52.551,3885
805.9,349.72,1148.1,51.974,3890.6
806.44,349.92,1150.1,52.088,3889.7
807.6,350.36,1150.9,51.966,3884.9
807.26,350.29,1149.9,52.298,3897.6
807.56,350.35,1151.8,52.274,3890.7
808.19,349.45,1150.5,52.038,3886.5
808.3,349.43,1150.2,50.795,3887.9
808.4,349.48,1149,52.401,3888.8
808.06,349.46,1150.9,51.924,3888.4
808.56,349.82,1151.9,52.242,3885.6
808.57,349.84,1150.2,52.516,3897.8
808.22,349.58,1150.5,52.558,3894.8
808.5,349.89,1150.4,52.372,3902.3
808.04,349.83,1150.5,51.83,3893.8
808.12,349.68,1151.4,51.824,3900.4
808.55,349.88,1150,51.58,3903.3
808.28,349.73,1150.9,51.534,3885.2
808.22,349.6,1152.1,52.321,3880.9
808.1,349.87,1151.9,51.899,3881.4
807.92,349.89,1150.7,52.69,3887.1
807.88,349.93,1150.2,52.292,3885.4
807.75,349.96,1149.8,51.98,3895.1
807.6,349.76,1151.4,52.546,3891.5
808.15,349.99,1150.4,52.488,3901.9
808.11,349.82,1148.9,52.784,3899
807.66,349.71,1149.7,52.665,3900.5
807.83,349.69,1149.2,52.351,3905
807.85,349.77,1149.9,52.325,3905.5
807.3,349.6,1151.7,52.507,3899
807.41,349.7,1148.8,52.28,3903.4
807.6,349.92,1149.6,52.152,3902.3
807.06,349.53,1149.8,207.9,3889.1
807.52,349.45,1151,209.47,3891.2
807.83,349.6,1148.7,207.31,3902.5
807.05,349.38,1147.8,209.26,3895.7
807.39,349.37,1148.8,210.34,3904.3
806.97,349.38,1149.5,211.49,3899.1
807.83,349.2,1148.2,209.23,3903.7
807.82,349.43,1148.9,208.8,3900.4
807.05,349.18,1149,209.87,3913.4
807.47,349.37,1149.4,209.61,3912.4
807.14,349.37,1148.7,211.27,3909.9
805.8,349.41,1149.6,208.09,3897.5
805.81,350,1147.5,208.43,3891.5
806.19,349.57,1150.3,209.6,3910.8
806.84,349.68,1148.5,209.73,3903.6
806.61,349.77,1148.3,207.63,3891.1
806.65,349.79,1148.7,207.59,3887.2
806.65,349.7,1149.2,207.89,3891.1
806.78,349.74,1148.4,209.71,3896.1
806.63,349.85,1148.3,206.83,3890.8
807,349.45,1151,207.17,3897.9
806.78,349.88,1150.4,207.97,3906.3
806.73,349.85,1149.9,207.96,3894.2
806.85,349.7,1149.5,210.34,3885.6
806.72,349.76,1148.6,208.03,3893.5
806.37,349.76,1148.6,208.28,3890.8
806.39,349.74,1149.3,207.89,3887.1
806.98,349.95,1150,208.91,3893.5
806.47,350.85,1149.4,209.42,3895.1
806.45,350.68,1150.2,208.14,3899
806.44,350.62,1149.3,209.8,3899.4
807.26,350.25,1151.7,209.61,3891.5
807.92,350.06,1152,209,3902.4
808.18,349.78,1151.2,209.58,3901.9
807.6,349.98,1147.7,207.49,3907.7
807.7,349.62,1151.2,210.16,3906
807.86,349.9,1150.5,207.35,3890
807.77,349.9,1150,209.3,3895.1
807.36,349.59,1149.8,209.74,3892
807.01,349.64,1150.9,208.1,3891.7
807.12,349.67,1149.6,209.2,3894.7
806.38,349.93,1150.6,207.51,3893.9
806.75,350.22,1148.6,205.32,3897.6
806.61,350.03,1150.3,207.6,3888.1
806.4,350.02,1150.7,210.28,3889.1
806.32,349.96,1148.2,209.64,3882.6
806.29,349.83,1149.3,209.56,3887.2
806.5,350.03,1148.4,208.93,3885.2
806.91,350.03,1148.7,208.51,3885.3
806.98,350,1150.1,208.17,3890.3
806.83,350.13,1151.2,52.066,3894.2
806.5,350.12,1150.3,51.958,3897.1
806.51,350.14,1151.6,52.068,3896.5
806.79,349.71,1150.4,52.46,3884.7
806.59,350.25,1148,52.212,3886.2
806.35,349.99,1148.6,52.688,3890.1
806.56,350.15,1150.4,52.129,3889.7
807.01,349.48,1149.4,51.945,3899.6
807.11,349.83,1148.7,51.952,3903.3
806.63,349.81,1147.8,52.313,3897.4
806.8,349.63,1149.6,52.401,3895.8
806.31,349.64,1148.3,52.168,3907.2
806.01,349.57,1148.9,51.653,3904.2
806.24,349.64,1150.8,52.223,3902.5
806.53,349.74,1149.5,51.949,3894.1
806.25,349.76,1148.5,52.32,3896.3
806.35,349.53,1149.2,52.318,3893.2
806.56,349.58,1148.6,52.413,3893.5
807,349.76,1147.8,52.371,3902.4
806.74,349.77,1149.1,52.264,3897.1
807.12,349.88,1149.9,51.994,3897.2
807.61,349.88,1149.6,52.007,3898.6
807.29,349.98,1149.7,52.62,3897.1
807.28,350.02,1149.4,52.41,3894.9
806.83,349.84,1149.2,51.904,3899.8
806.81,350.03,1150,52.192,3896.7
806.52,350.31,1149.8,52.307,3901.2
808.89,351.56,1151.9,51.802,3900.3
804.53,352.94,1150.6,51.861,3897.9
805.19,351.91,1150.6,52.042,3886.2
810.46,346.79,1148.4,51.716,3893.2
807.07,351.78,1153.4,51.85,3885.3
809.78,349.82,1153.7,52.164,3883.4
807.91,351.28,1151.5,52.471,3892
808.55,351.56,1153.8,52.471,3902.7
809.4,351.78,1155.1,51.904,3894.8
809.5,351.03,1155.1,52.159,3906.6
811.81,348.41,1151.8,52.719,3901
809.03,352.09,1155.3,52.768,3902.9
810.47,349.39,1152.2,52.35,3906.6
811.04,348.65,1153.8,52.4,3898.1
811.66,348.89,1153.2,52.645,3902.9
811.58,348.91,1155.2,52.333,3908.7
811.6,348.94,1153.4,52.38,3916.2
811.21,348.76,1154.6,52.087,3905.9
811.04,348.65,1153.1,52.585,3912
810.4,348.88,1152.3,52.574,3904.2
809.47,350.37,1153.4,52.809,3910.6
809.97,350.3,1153.5,52.468,3917
810.51,350.12,1152.6,52.863,3911.6
810.09,350.04,1151.8,51.798,3914.9
809.65,350.09,1153,52.195,3914.8
808.76,349.87,1150.6,52.472,3908
808.65,349.54,1151.3,52.252,3912.8
808.24,349.45,1151.1,52.421,3913.2
808.51,349.36,1149.9,52.17,3904.8
808.74,349.32,1150.2,52.327,3907.3
808.35,349.1,1152,52.382,3905.5
808.83,349.23,1149.5,52.125,3900.5
808.13,349.01,1151.1,52.451,3900.8
808.55,348.95,1150.8,52.205,3897.6
808.13,348.95,1150.2,52.751,3900.3
808.03,348.95,1149.9,52.384,3898.4
809.95,347.09,1151.8,52.077,3905.7
810.21,346.8,1150.1,52.457,3903.9
810.78,347.08,1150.4,53.047,3900.7
808.63,348.89,1151.6,52.381,3901.4
809.31,348.91,1149.5,52.163,3914.9
808.09,348.91,1149.3,52.506,3906.8
808.66,348.88,1149.5,52.35,3917.3
808.41,348.9,1151.8,52.735,3904.6
808.85,349.1,1149.4,52.426,3903.9
808.86,348.89,1150.5,52.464,3909.9
809.06,349.05,1151.5,52.113,3911.2
808.21,348.93,1151.6,52.555,3907.3
808.56,348.83,1150.5,52.24,3913.1
808.41,348.87,1150.1,52.34,3900.8
808.16,348.84,1149.7,52.334,3899.2
808.93,348.95,1151.1,51.785,3892.6
809.03,349.08,1151.3,51.91,3901.5
809.09,348.69,1150.7,52.169,3893.5
809.18,348.89,1150.1,52.046,3902
808.49,348.46,1149.8,52.362,3902.9
808.35,348.55,1150.6,52.233,3899
808.73,348.46,1149.8,52.605,3903.8
808.79,348.6,1149.8,52.847,3904.7
808.98,348.81,1149.9,51.957,3898
809.05,348.86,1150.8,51.305,3900.7
808.88,348.8,1148.7,52.379,3900.4
809.06,348.28,1151.6,52.383,3890.6
809.24,348.07,1149.3,52.341,3899.9
809.29,348.21,1150.5,51.834,3898.9
809.39,348.31,1150.1,52.544,3906.1
809.73,348.59,1151.7,52.332,3897
809.62,348.61,1150.3,52.312,3902
811.13,346.34,1148.9,52.165,3897.7
810.94,346.23,1150.9,52.243,3908.4
809.76,347.78,1149.9,51.796,3907
808.94,349.25,1151.8,52.161,3889.4
809.9,349.23,1150.7,51.869,3895.6
810.48,349.18,1152.7,52.099,3883.2
809.91,349.59,1152.8,52.254,3885.1
809.99,349.52,1150.6,52.568,3891.5
812.37,345.38,1152.2,52.114,3899.6
808.41,346.77,1150,52.425,3902.9
809.35,347.05,1149.6,52.688,3896.8
809.23,347.38,1151.3,52.342,3907.7
806.25,348.49,1149.5,52.063,3893
806.17,348.65,1148.6,52.619,3902.8
808.75,346.66,1150.8,52.504,3902.9
811.06,345.89,1149.1,52.502,3894.1
811.15,345.78,1150.4,51.851,3905.1
807.74,348.54,1148,52.129,3908
807.55,347.59,1147.6,51.012,3894.9
807.21,345.94,1148,51.547,3898.2
807.56,345.49,1146.1,52.11,3892.2
806.89,345.82,1146.8,52.37,3891.3
806.31,345.8,1144.8,52.081,3889.6
805.78,345.95,1145.8,51.977,3890.8
806.07,345.55,1145.7,52.686,3891.8
805.8,345.49,1145.3,52.314,3898.1
805.48,347.01,1146,52.671,3898.8
805.38,346.9,1147.5,52.105,3900
805.52,346.97,1145.7,51.857,3896.4
805.67,346.83,1145.3,51.757,3894.7
805.5,346.68,1145.3,52.216,3894.7
805.11,346.75,1144.5,52.048,3894.2
804.83,346.62,1144.2,52.033,3894.5
804.73,346.59,1143.9,51.634,3886.4
804.68,346.45,1145,51.707,3892.2
805.01,346.46,1144,51.807,3882.4
805.74,345.47,1144,51.381,3887.4
805.63,344.95,1144.1,52.216,3879.9
806.04,345.24,1144.4,51.931,3876.6
805.66,345.03,1143.9,52.302,3894.3
806.2,345.27,1145.3,52.245,3889.4
806.13,345.23,1146.1,52.27,3890.8
805.79,345.12,1144.1,51.678,3898.3
806.15,345.14,1145,51.512,3885.5
806.23,345.27,1145.6,52.47,3882.2
804.8,344.66,1143.1,51.69,3881.3
805.7,344.1,1143.6,51.623,3883.7
808.14,343.61,1144.7,51.64,3875.6
804.79,344.56,1143.7,51.414,3867.3
800.63,346.17,1140.9,52.099,3859.1
805.85,344.43,1144.3,51.822,3867
807.45,344.54,1145.6,51.683,3876.4
806.65,344.8,1144.8,51.847,3873.1
799.83,346.61,1140.7,52.318,3880.4
799.77,345.79,1139.2,51.965,3884.2
805.88,343.86,1141.4,52.424,3887.5
804.21,347.96,1146.2,51.881,3890.4
801.13,344.49,1140.9,51.252,3888.7
805.31,343.98,1141.9,52.098,3882.5
805.56,344.09,1144,51.903,3885.2
806.72,343.71,1142.5,51.891,3872.4
805.44,343.51,1142.7,51.985,3871.3
805.38,344.06,1142.8,52.233,3881.8
804.99,344.06,1140.9,51.828,3876.9
800.75,345.21,1140.1,51.459,3878.9
804.18,344.34,1140.4,52.233,3883.4
801.14,344.3,1139.7,52.209,3873.7
800.37,343.73,1138,52.216,3879.1
800.4,343.73,1138.1,52.274,3888.5
799.94,343.8,1137.7,51.953,3868.3
799.65,343.66,1137,51.564,3874.4
799.92,343.79,1137.4,51.56,3873.3
799.22,343.96,1136.4,52.015,3864
799.96,345.16,1138.5,51.496,3862.4
799.41,345.06,1138.1,51.537,3865.9
801.65,341.65,1137.2,51.956,3866.7
798.75,346.77,1139.3,51.562,3867.1
801.96,341.07,1136.1,51.435,3857.5
800.42,344.63,1139.5,51.425,3854.9
797.92,345.18,1137.6,51.75,3859
799.95,341.91,1135.5,52.06,3853.4
800.24,341.74,1134.9,51.062,3861.3
798.45,345.36,1136.7,51.192,3850.9
798.39,341.61,1136.2,51.872,3855.5
797.35,344.09,1135.2,51.633,3861.5
797.04,344.48,1135.6,51.971,3862.6
797.74,344.3,1135.5,51.285,3857.6
797.85,344.14,1135.9,51.591,3855.6
800.19,340.33,1134,51.658,3862.1
800.21,340.51,1135.1,51.28,3847.6
799.46,344.73,1138.7,51.299,3852.2
799.74,340.83,1134.1,51.787,3841.9
799.13,342.72,1135.1,51.291,3853.1
798.36,344.65,1136.8,51.911,3845.3
799.36,343.88,1137.5,51.794,3846.6
797.37,341.37,1133.9,52.095,3835.7
793.87,346.91,1134.5,52.169,3853.9
801.43,339.74,1136.4,51.863,3853.5
797.91,345.89,1138.2,51.814,3860
802.92,339.24,1135.9,51.238,3853.7
802.71,340.76,1137.3,51.511,3846.7
802.15,343.84,1138.9,51.685,3851.9
801.23,343.56,1136.7,51.93,3843
800.76,339.91,1132.9,51.291,3843
796.48,342.4,1132,51.011,3844
793.09,347.15,1132.8,51.466,3845.8
802.16,338.96,1134.2,51.623,3843.4
801.66,340.11,1135.7,51.325,3847.9
796.48,341.99,1132.3,50.745,3848.1
798.27,345.52,1136.7,51.893,3839.4
800.21,339.96,1133.4,51.275,3849.3
799.1,339.95,1130.5,51.25,3847.8
798.2,339.61,1131.2,52.002,3851.2
794.18,344.06,1132.6,51.515,3846.9
793.24,340.35,1126.2,51.777,3854.4
795.27,339.53,1127.9,51.4,3843.2
795.38,339.79,1128.7,51.684,3838.6
792.12,344.76,1129.5,51.329,3839.3
794.56,339.14,1127.6,51.732,3839.2
790.79,345.14,1128.9,51.06,3844.7
794.04,340.06,1126.8,51.14,3837.4
792.98,340.07,1127.2,51.088,3835.8
793.1,342.43,1128.4,51.265,3827.2
793.95,339.48,1127,51.35,3828
793.96,340.12,1128.1,51.186,3823.1
794.13,339.65,1127.8,51.279,3830.6
794.56,340.09,1129.5,51.564,3826.6
792.7,345.1,1129.1,51.546,3833.3
795.47,339.79,1128.6,51.807,3835.8
794.82,341.48,1130.9,51.673,3842.5
794.68,342.11,1128.7,51.637,3832.5
797.27,340.06,1130.6,51.291,3840.9
794.3,344.84,1132.7,51.194,3835.1
796.95,339.61,1129.1,51.573,3838.4
795.29,345.39,1134.6,51.037,3836.2
798.81,339.72,1131.2,50.554,3829.5
794.85,344.6,1131.1,51.319,3826.5
795.76,344.39,1132.6,51.921,3829.4
796.72,340.8,1131.4,51.367,3830.3
796.75,340.54,1131.2,51.651,3832
796.48,342.46,1133.2,51.465,3825.7
795.16,343.98,1132,51.008,3827
795.78,343.65,1133.1,51.742,3824.9
797.69,341.46,1132.9,51.084,3824.2
797.96,340.01,1130.9,51.27,3830.2
799.14,339.88,1131.5,51.236,3826.3
798.87,339.84,1132.8,51.434,3835.7
798.41,339.82,1132.3,51.577,3838.4
797.79,339.8,1131.3,51.507,3829.7
790.96,345.49,1128.3,51.575,3826.5
796.39,339.19,1129.1,51.284,3827.1
793.9,340.78,1128.6,51.55,3823.7
792.44,343.25,1130,51.867,3838
793.06,343.17,1128.7,51.868,3829.8
793.12,342.3,1129.4,51.275,3839.3
792.84,342.08,1128.2,52.054,3824.4
793.45,342.08,1129.7,51.494,3836
